,datetime,close,exchange_code,high,low,open,stock_code,volume
0,2024-03-28 09:07:00,1534.75,NSE,1534.75,1534.75,1534.75,INDBA,0
1,2024-03-28 09:15:00,1540.8,NSE,1542.55,1534.95,1534.95,INDBA,40234
2,2024-03-28 09:16:00,1538.3,NSE,1540.9,1537.65,1540.9,INDBA,17570
3,2024-03-28 09:17:00,1537.3,NSE,1538.2,1534.85,1538.2,INDBA,29256
4,2024-03-28 09:18:00,1539.15,NSE,1540.35,1537.3,1537.3,INDBA,33217
5,2024-03-28 09:19:00,1539.05,NSE,1539.3,1536.65,1538.75,INDBA,20927
6,2024-03-28 09:20:00,1541.15,NSE,1541.4,1538.9,1538.9,INDBA,22209
7,2024-03-28 09:21:00,1540.2,NSE,1542.3,1539.3,1541.2,INDBA,23657
8,2024-03-28 09:22:00,1539.95,NSE,1540.45,1539.6,1540.2,INDBA,20982
9,2024-03-28 09:23:00,1541.35,NSE,1541.4,1539.65,1539.95,INDBA,12676
10,2024-03-28 09:24:00,1541.35,NSE,1541.5,1540.5,1541.35,INDBA,10929
11,2024-03-28 09:25:00,1542.35,NSE,1542.75,1541.25,1541.35,INDBA,6872
12,2024-03-28 09:26:00,1542.25,NSE,1543.95,1542.2,1542.35,INDBA,13749
13,2024-03-28 09:27:00,1541.7,NSE,1543.45,1541.65,1541.7,INDBA,12367
14,2024-03-28 09:28:00,1540.95,NSE,1541.85,1539.75,1541.2,INDBA,7492
15,2024-03-28 09:29:00,1540.2,NSE,1541.8,1540.0,1540.95,INDBA,6055
16,2024-03-28 09:30:00,1539.4,NSE,1540.55,1538.7,1540.35,INDBA,7495
17,2024-03-28 09:31:00,1540.4,NSE,1540.4,1537.5,1538.85,INDBA,6771
18,2024-03-28 09:32:00,1542.8,NSE,1542.8,1540.2,1540.7,INDBA,44005
19,2024-03-28 09:33:00,1541.25,NSE,1542.7,1540.5,1542.7,INDBA,6417
20,2024-03-28 09:34:00,1541.15,NSE,1541.85,1539.5,1540.55,INDBA,7570
21,2024-03-28 09:35:00,1541.15,NSE,1542.25,1540.0,1541.15,INDBA,3446
22,2024-03-28 09:36:00,1535.45,NSE,1541.35,1535.0,1541.1,INDBA,12834
23,2024-03-28 09:37:00,1534.9,NSE,1535.45,1533.8,1535.45,INDBA,16679
24,2024-03-28 09:38:00,1535.95,NSE,1535.95,1535.05,1535.05,INDBA,6283
25,2024-03-28 09:39:00,1537.55,NSE,1540.2,1535.6,1536.05,INDBA,13666
26,2024-03-28 09:40:00,1540.6,NSE,1541.25,1537.2,1537.65,INDBA,28835
27,2024-03-28 09:41:00,1541.2,NSE,1541.8,1540.0,1540.6,INDBA,6928
28,2024-03-28 09:42:00,1544.2,NSE,1544.35,1540.8,1540.8,INDBA,149071
29,2024-03-28 09:43:00,1543.85,NSE,1544.55,1543.0,1544.15,INDBA,19635
30,2024-03-28 09:44:00,1544.55,NSE,1544.55,1543.15,1543.85,INDBA,17554
31,2024-03-28 09:45:00,1542.3,NSE,1544.45,1542.0,1544.45,INDBA,15180
32,2024-03-28 09:46:00,1541.9,NSE,1542.1,1540.65,1542.1,INDBA,9048
33,2024-03-28 09:47:00,1541.65,NSE,1542.25,1541.05,1541.85,INDBA,11870
34,2024-03-28 09:48:00,1542.7,NSE,1542.7,1540.35,1541.4,INDBA,17740
35,2024-03-28 09:49:00,1544.1,NSE,1545.8,1543.0,1543.0,INDBA,30774
36,2024-03-28 09:50:00,1544.0,NSE,1544.4,1542.7,1544.1,INDBA,9588
37,2024-03-28 09:51:00,1545.65,NSE,1545.95,1543.45,1543.55,INDBA,16683
38,2024-03-28 09:52:00,1544.75,NSE,1546.0,1543.75,1545.6,INDBA,10909
39,2024-03-28 09:53:00,1543.95,NSE,1545.9,1543.95,1544.8,INDBA,5851
40,2024-03-28 09:54:00,1543.65,NSE,1545.55,1542.2,1544.5,INDBA,4763
41,2024-03-28 09:55:00,1541.45,NSE,1543.65,1540.35,1543.65,INDBA,3501
42,2024-03-28 09:56:00,1543.2,NSE,1543.5,1541.35,1541.55,INDBA,2078
43,2024-03-28 09:57:00,1543.05,NSE,1543.2,1542.45,1543.2,INDBA,2925
44,2024-03-28 09:58:00,1541.2,NSE,1543.15,1541.2,1543.1,INDBA,1838
45,2024-03-28 09:59:00,1541.9,NSE,1541.95,1539.95,1541.2,INDBA,5203
46,2024-03-28 10:00:00,1540.2,NSE,1542.35,1540.05,1542.0,INDBA,3748
47,2024-03-28 10:01:00,1542.4,NSE,1542.4,1540.0,1540.2,INDBA,4131
48,2024-03-28 10:02:00,1541.9,NSE,1542.4,1540.45,1542.4,INDBA,4141
49,2024-03-28 10:03:00,1541.25,NSE,1541.95,1541.1,1541.9,INDBA,1407
50,2024-03-28 10:04:00,1542.35,NSE,1542.35,1540.95,1541.25,INDBA,6567
51,2024-03-28 10:05:00,1544.0,NSE,1544.6,1542.85,1542.85,INDBA,5347
52,2024-03-28 10:06:00,1544.05,NSE,1544.45,1543.3,1544.0,INDBA,2937
53,2024-03-28 10:07:00,1545.1,NSE,1545.1,1544.1,1544.2,INDBA,5267
54,2024-03-28 10:08:00,1544.8,NSE,1545.3,1544.65,1545.0,INDBA,4310
55,2024-03-28 10:09:00,1544.2,NSE,1545.05,1543.75,1544.95,INDBA,4217
56,2024-03-28 10:10:00,1543.75,NSE,1544.4,1543.25,1544.2,INDBA,3268
57,2024-03-28 10:11:00,1544.45,NSE,1544.45,1543.15,1543.8,INDBA,4105
58,2024-03-28 10:12:00,1543.1,NSE,1545.0,1543.05,1544.45,INDBA,8488
59,2024-03-28 10:13:00,1544.9,NSE,1544.9,1543.6,1543.7,INDBA,3681
60,2024-03-28 10:14:00,1545.25,NSE,1545.5,1544.45,1544.85,INDBA,4790
61,2024-03-28 10:15:00,1547.0,NSE,1547.0,1545.25,1545.25,INDBA,8814
62,2024-03-28 10:16:00,1548.0,NSE,1548.4,1546.95,1547.0,INDBA,10069
63,2024-03-28 10:17:00,1550.6,NSE,1551.0,1547.85,1548.25,INDBA,60325
64,2024-03-28 10:18:00,1551.0,NSE,1551.0,1550.1,1550.6,INDBA,10827
65,2024-03-28 10:19:00,1550.65,NSE,1551.0,1548.25,1550.4,INDBA,7003
66,2024-03-28 10:20:00,1552.35,NSE,1552.35,1550.7,1550.85,INDBA,15655
67,2024-03-28 10:21:00,1551.5,NSE,1552.5,1551.3,1552.3,INDBA,10047
68,2024-03-28 10:22:00,1550.35,NSE,1551.85,1550.35,1551.65,INDBA,8980
69,2024-03-28 10:23:00,1549.95,NSE,1550.8,1549.45,1550.5,INDBA,5312
70,2024-03-28 10:24:00,1547.35,NSE,1549.65,1547.35,1549.15,INDBA,5415
71,2024-03-28 10:25:00,1548.35,NSE,1548.45,1547.05,1547.8,INDBA,5532
72,2024-03-28 10:26:00,1547.25,NSE,1548.45,1547.25,1547.75,INDBA,5251
73,2024-03-28 10:27:00,1547.55,NSE,1547.75,1546.3,1547.25,INDBA,5847
74,2024-03-28 10:28:00,1549.15,NSE,1549.15,1547.25,1547.55,INDBA,9703
75,2024-03-28 10:29:00,1548.9,NSE,1549.15,1548.15,1549.15,INDBA,7038
76,2024-03-28 10:30:00,1546.5,NSE,1548.95,1546.3,1548.3,INDBA,5201
77,2024-03-28 10:31:00,1548.2,NSE,1548.85,1546.05,1546.5,INDBA,6806
78,2024-03-28 10:32:00,1548.55,NSE,1549.5,1547.25,1548.05,INDBA,9948
79,2024-03-28 10:33:00,1551.15,NSE,1551.15,1548.0,1549.0,INDBA,72155
80,2024-03-28 10:34:00,1551.95,NSE,1552.05,1550.95,1551.0,INDBA,5531
81,2024-03-28 10:35:00,1552.4,NSE,1552.45,1551.7,1551.95,INDBA,6580
82,2024-03-28 10:36:00,1552.15,NSE,1552.45,1551.25,1552.45,INDBA,4411
83,2024-03-28 10:37:00,1552.7,NSE,1553.45,1552.0,1552.35,INDBA,29099
84,2024-03-28 10:38:00,1551.95,NSE,1553.4,1550.7,1552.75,INDBA,11091
85,2024-03-28 10:39:00,1550.3,NSE,1551.9,1550.15,1551.9,INDBA,3958
86,2024-03-28 10:40:00,1549.85,NSE,1551.35,1549.8,1550.25,INDBA,2350
87,2024-03-28 10:41:00,1548.75,NSE,1550.15,1548.0,1549.85,INDBA,6397
88,2024-03-28 10:42:00,1547.95,NSE,1550.3,1547.6,1548.75,INDBA,4361
89,2024-03-28 10:43:00,1547.8,NSE,1548.05,1547.25,1547.95,INDBA,4704
90,2024-03-28 10:44:00,1547.5,NSE,1548.55,1547.5,1548.0,INDBA,1572
91,2024-03-28 10:45:00,1547.05,NSE,1547.8,1546.55,1547.5,INDBA,5279
92,2024-03-28 10:46:00,1547.85,NSE,1548.0,1546.95,1547.0,INDBA,3134
93,2024-03-28 10:47:00,1546.45,NSE,1547.85,1545.55,1547.85,INDBA,7956
94,2024-03-28 10:48:00,1546.55,NSE,1546.7,1545.2,1546.0,INDBA,2926
95,2024-03-28 10:49:00,1547.35,NSE,1547.7,1546.55,1546.55,INDBA,1334
96,2024-03-28 10:50:00,1546.55,NSE,1548.05,1546.25,1547.45,INDBA,18100
97,2024-03-28 10:51:00,1547.05,NSE,1548.2,1546.55,1546.55,INDBA,1551
98,2024-03-28 10:52:00,1546.95,NSE,1547.3,1546.05,1547.05,INDBA,1624
99,2024-03-28 10:53:00,1546.6,NSE,1546.95,1546.05,1546.95,INDBA,1371
100,2024-03-28 10:54:00,1546.0,NSE,1547.0,1545.55,1546.6,INDBA,2384
101,2024-03-28 10:55:00,1545.95,NSE,1546.2,1545.45,1546.0,INDBA,5970
102,2024-03-28 10:56:00,1546.85,NSE,1546.9,1545.55,1545.95,INDBA,1030
103,2024-03-28 10:57:00,1546.7,NSE,1546.85,1546.6,1546.6,INDBA,1259
104,2024-03-28 10:58:00,1547.0,NSE,1547.0,1546.2,1546.7,INDBA,1110
105,2024-03-28 10:59:00,1547.2,NSE,1547.2,1546.95,1547.0,INDBA,1420
106,2024-03-28 11:00:00,1549.0,NSE,1549.6,1547.4,1547.4,INDBA,43780
107,2024-03-28 11:01:00,1550.9,NSE,1550.9,1549.15,1549.15,INDBA,63714
108,2024-03-28 11:02:00,1549.8,NSE,1551.9,1549.7,1550.9,INDBA,5494
109,2024-03-28 11:03:00,1548.85,NSE,1550.25,1548.85,1550.25,INDBA,1196
110,2024-03-28 11:04:00,1549.5,NSE,1549.5,1548.85,1548.85,INDBA,6658
111,2024-03-28 11:05:00,1548.7,NSE,1549.55,1548.7,1549.55,INDBA,5201
112,2024-03-28 11:06:00,1548.6,NSE,1549.2,1548.05,1549.1,INDBA,883
113,2024-03-28 11:07:00,1548.6,NSE,1548.7,1548.45,1548.7,INDBA,653
114,2024-03-28 11:08:00,1549.2,NSE,1549.2,1548.55,1548.6,INDBA,3208
115,2024-03-28 11:09:00,1550.1,NSE,1550.6,1549.2,1549.2,INDBA,4739
116,2024-03-28 11:10:00,1550.75,NSE,1551.2,1550.1,1550.1,INDBA,1362
117,2024-03-28 11:11:00,1550.3,NSE,1550.95,1550.0,1550.75,INDBA,2004
118,2024-03-28 11:12:00,1551.0,NSE,1551.0,1550.0,1550.0,INDBA,2425
119,2024-03-28 11:13:00,1550.3,NSE,1550.55,1550.0,1550.35,INDBA,711
120,2024-03-28 11:14:00,1550.3,NSE,1550.35,1550.2,1550.2,INDBA,924
121,2024-03-28 11:15:00,1550.0,NSE,1550.35,1550.0,1550.35,INDBA,1622
122,2024-03-28 11:16:00,1549.3,NSE,1550.15,1549.1,1550.15,INDBA,1968
123,2024-03-28 11:17:00,1550.0,NSE,1550.25,1549.05,1549.5,INDBA,3860
124,2024-03-28 11:18:00,1549.65,NSE,1550.0,1549.2,1550.0,INDBA,1166
125,2024-03-28 11:19:00,1549.6,NSE,1550.0,1549.3,1549.65,INDBA,964
126,2024-03-28 11:20:00,1549.5,NSE,1549.65,1549.45,1549.6,INDBA,1174
127,2024-03-28 11:21:00,1550.75,NSE,1550.95,1549.05,1549.65,INDBA,5571
128,2024-03-28 11:22:00,1550.15,NSE,1550.8,1550.1,1550.45,INDBA,3400
129,2024-03-28 11:23:00,1550.0,NSE,1550.5,1550.0,1550.15,INDBA,2995
130,2024-03-28 11:24:00,1550.9,NSE,1550.9,1550.0,1550.0,INDBA,5560
131,2024-03-28 11:25:00,1550.95,NSE,1551.35,1550.8,1550.8,INDBA,2395
132,2024-03-28 11:26:00,1551.15,NSE,1551.3,1550.9,1550.95,INDBA,1152
133,2024-03-28 11:27:00,1550.7,NSE,1551.3,1550.5,1551.15,INDBA,1590
134,2024-03-28 11:28:00,1551.3,NSE,1551.3,1550.7,1551.15,INDBA,1578
135,2024-03-28 11:29:00,1549.5,NSE,1551.3,1548.8,1551.3,INDBA,26939
136,2024-03-28 11:30:00,1548.25,NSE,1549.5,1548.2,1549.5,INDBA,3775
137,2024-03-28 11:31:00,1548.9,NSE,1549.15,1548.2,1548.25,INDBA,3387
138,2024-03-28 11:32:00,1550.0,NSE,1550.0,1548.9,1548.9,INDBA,898
139,2024-03-28 11:33:00,1549.7,NSE,1550.0,1549.0,1550.0,INDBA,749
140,2024-03-28 11:34:00,1548.3,NSE,1549.7,1548.3,1549.7,INDBA,2582
141,2024-03-28 11:35:00,1548.9,NSE,1549.0,1548.2,1548.3,INDBA,2516
142,2024-03-28 11:36:00,1547.55,NSE,1549.0,1547.45,1548.9,INDBA,2019
143,2024-03-28 11:37:00,1546.5,NSE,1547.6,1546.3,1547.15,INDBA,1271
144,2024-03-28 11:38:00,1547.4,NSE,1547.4,1546.0,1546.1,INDBA,5508
145,2024-03-28 11:39:00,1547.85,NSE,1547.85,1546.8,1547.1,INDBA,22687
146,2024-03-28 11:40:00,1548.0,NSE,1548.0,1546.95,1547.85,INDBA,7579
147,2024-03-28 11:41:00,1548.25,NSE,1548.85,1548.0,1548.0,INDBA,1445
148,2024-03-28 11:42:00,1548.05,NSE,1548.4,1548.0,1548.25,INDBA,3721
149,2024-03-28 11:43:00,1550.15,NSE,1550.15,1547.8,1547.8,INDBA,39871
150,2024-03-28 11:44:00,1550.4,NSE,1550.9,1550.0,1550.15,INDBA,1642
151,2024-03-28 11:45:00,1551.35,NSE,1551.35,1550.1,1550.4,INDBA,2473
152,2024-03-28 11:46:00,1551.5,NSE,1551.6,1550.9,1551.35,INDBA,4150
153,2024-03-28 11:47:00,1551.0,NSE,1551.5,1550.5,1551.5,INDBA,2401
154,2024-03-28 11:48:00,1550.85,NSE,1551.0,1550.85,1551.0,INDBA,738
155,2024-03-28 11:49:00,1550.55,NSE,1551.0,1550.0,1550.8,INDBA,2272
156,2024-03-28 11:50:00,1550.3,NSE,1550.55,1550.0,1550.55,INDBA,691
157,2024-03-28 11:51:00,1550.35,NSE,1550.45,1550.3,1550.3,INDBA,1883
158,2024-03-28 11:52:00,1550.25,NSE,1550.45,1550.0,1550.45,INDBA,1208
159,2024-03-28 11:53:00,1550.25,NSE,1550.25,1550.0,1550.0,INDBA,6974
160,2024-03-28 11:54:00,1550.2,NSE,1550.25,1550.0,1550.25,INDBA,1273
161,2024-03-28 11:55:00,1549.15,NSE,1550.2,1546.65,1550.2,INDBA,22714
162,2024-03-28 11:56:00,1549.45,NSE,1549.45,1548.45,1549.4,INDBA,2003
163,2024-03-28 11:57:00,1550.6,NSE,1550.6,1549.45,1549.45,INDBA,743
164,2024-03-28 11:58:00,1550.15,NSE,1550.6,1550.0,1550.6,INDBA,3508
165,2024-03-28 11:59:00,1550.15,NSE,1551.0,1549.45,1550.35,INDBA,7179
166,2024-03-28 12:00:00,1549.5,NSE,1550.15,1549.0,1550.15,INDBA,1860
167,2024-03-28 12:01:00,1549.35,NSE,1550.0,1548.7,1549.5,INDBA,2240
168,2024-03-28 12:02:00,1549.7,NSE,1550.0,1548.9,1549.55,INDBA,16400
169,2024-03-28 12:03:00,1549.05,NSE,1549.45,1548.45,1549.1,INDBA,1594
170,2024-03-28 12:04:00,1549.1,NSE,1549.6,1548.8,1549.05,INDBA,3071
171,2024-03-28 12:05:00,1547.55,NSE,1549.65,1547.55,1549.1,INDBA,2607
172,2024-03-28 12:06:00,1547.45,NSE,1547.7,1547.05,1547.55,INDBA,2221
173,2024-03-28 12:07:00,1546.8,NSE,1547.5,1546.5,1547.45,INDBA,4869
174,2024-03-28 12:08:00,1547.35,NSE,1547.6,1546.5,1546.8,INDBA,2945
175,2024-03-28 12:09:00,1547.35,NSE,1547.4,1546.55,1547.35,INDBA,2523
176,2024-03-28 12:10:00,1547.7,NSE,1547.7,1547.05,1547.35,INDBA,2009
177,2024-03-28 12:11:00,1547.55,NSE,1547.8,1547.4,1547.7,INDBA,2512
178,2024-03-28 12:12:00,1547.6,NSE,1547.65,1547.35,1547.5,INDBA,3321
179,2024-03-28 12:13:00,1548.05,NSE,1548.65,1547.55,1547.6,INDBA,24258
180,2024-03-28 12:14:00,1550.3,NSE,1550.85,1548.8,1548.8,INDBA,7915
181,2024-03-28 12:15:00,1550.15,NSE,1550.5,1550.0,1550.3,INDBA,3036
182,2024-03-28 12:16:00,1549.4,NSE,1550.15,1548.7,1550.15,INDBA,6658
183,2024-03-28 12:17:00,1549.75,NSE,1549.75,1549.3,1549.4,INDBA,2447
184,2024-03-28 12:18:00,1548.95,NSE,1550.0,1548.95,1549.7,INDBA,2170
185,2024-03-28 12:19:00,1549.55,NSE,1549.6,1548.8,1548.8,INDBA,2945
186,2024-03-28 12:20:00,1549.3,NSE,1549.55,1549.15,1549.55,INDBA,2934
187,2024-03-28 12:21:00,1549.75,NSE,1550.5,1549.2,1550.5,INDBA,3970
188,2024-03-28 12:22:00,1550.0,NSE,1550.1,1549.75,1549.75,INDBA,1450
189,2024-03-28 12:23:00,1549.95,NSE,1550.0,1549.7,1550.0,INDBA,692
190,2024-03-28 12:24:00,1549.1,NSE,1550.5,1549.1,1550.0,INDBA,8567
191,2024-03-28 12:25:00,1549.65,NSE,1550.35,1549.1,1549.1,INDBA,4145
192,2024-03-28 12:26:00,1549.7,NSE,1550.05,1549.6,1549.65,INDBA,1854
193,2024-03-28 12:27:00,1549.75,NSE,1549.9,1549.65,1549.7,INDBA,3277
194,2024-03-28 12:28:00,1549.4,NSE,1549.75,1549.4,1549.75,INDBA,3151
195,2024-03-28 12:29:00,1548.9,NSE,1549.7,1548.8,1549.55,INDBA,2055
196,2024-03-28 12:30:00,1549.3,NSE,1549.6,1548.8,1548.9,INDBA,2199
197,2024-03-28 12:31:00,1548.4,NSE,1549.35,1548.15,1549.3,INDBA,3865
198,2024-03-28 12:32:00,1549.55,NSE,1549.95,1548.3,1548.4,INDBA,13345
199,2024-03-28 12:33:00,1550.2,NSE,1550.5,1549.1,1549.55,INDBA,18781
200,2024-03-28 12:34:00,1550.45,NSE,1550.5,1550.0,1550.2,INDBA,16701
201,2024-03-28 12:35:00,1550.7,NSE,1550.8,1550.05,1550.45,INDBA,7739
202,2024-03-28 12:36:00,1552.2,NSE,1552.2,1550.8,1550.8,INDBA,29839
203,2024-03-28 12:37:00,1552.65,NSE,1552.95,1551.95,1552.25,INDBA,15657
204,2024-03-28 12:38:00,1552.45,NSE,1552.9,1551.65,1552.7,INDBA,2752
205,2024-03-28 12:39:00,1552.55,NSE,1552.85,1552.25,1552.45,INDBA,2749
206,2024-03-28 12:40:00,1552.55,NSE,1552.95,1552.35,1552.55,INDBA,3964
207,2024-03-28 12:41:00,1552.2,NSE,1552.25,1551.8,1552.25,INDBA,3722
208,2024-03-28 12:42:00,1552.95,NSE,1553.0,1551.95,1552.2,INDBA,2896
209,2024-03-28 12:43:00,1552.75,NSE,1553.0,1552.0,1552.95,INDBA,2638
210,2024-03-28 12:44:00,1552.9,NSE,1553.0,1552.75,1552.75,INDBA,2306
211,2024-03-28 12:45:00,1553.1,NSE,1553.2,1552.9,1552.9,INDBA,10530
212,2024-03-28 12:46:00,1552.75,NSE,1553.1,1552.5,1553.1,INDBA,3224
213,2024-03-28 12:47:00,1553.0,NSE,1553.0,1552.0,1552.75,INDBA,2833
214,2024-03-28 12:48:00,1553.7,NSE,1553.75,1552.95,1553.0,INDBA,4612
215,2024-03-28 12:49:00,1553.45,NSE,1554.5,1553.3,1553.7,INDBA,21619
216,2024-03-28 12:50:00,1553.3,NSE,1553.6,1552.9,1553.55,INDBA,4282
217,2024-03-28 12:51:00,1552.25,NSE,1553.3,1551.55,1553.3,INDBA,4083
218,2024-03-28 12:52:00,1552.35,NSE,1552.75,1552.15,1552.25,INDBA,3116
219,2024-03-28 12:53:00,1552.3,NSE,1553.2,1552.3,1552.35,INDBA,4222
220,2024-03-28 12:54:00,1552.5,NSE,1552.65,1552.15,1552.2,INDBA,2083
221,2024-03-28 12:55:00,1552.35,NSE,1553.0,1551.85,1552.5,INDBA,3099
222,2024-03-28 12:56:00,1552.4,NSE,1552.5,1552.15,1552.35,INDBA,1180
223,2024-03-28 12:57:00,1552.0,NSE,1552.45,1552.0,1552.4,INDBA,1949
224,2024-03-28 12:58:00,1552.15,NSE,1552.2,1551.4,1552.1,INDBA,2746
225,2024-03-28 12:59:00,1551.3,NSE,1552.15,1551.05,1552.15,INDBA,2746
226,2024-03-28 13:00:00,1551.2,NSE,1551.3,1551.0,1551.3,INDBA,2161
227,2024-03-28 13:01:00,1551.9,NSE,1552.05,1551.2,1551.2,INDBA,3100
228,2024-03-28 13:02:00,1551.5,NSE,1551.9,1551.05,1551.9,INDBA,2301
229,2024-03-28 13:03:00,1552.0,NSE,1552.0,1551.3,1551.5,INDBA,1213
230,2024-03-28 13:04:00,1551.5,NSE,1552.2,1551.5,1552.0,INDBA,2829
231,2024-03-28 13:05:00,1551.75,NSE,1551.85,1551.5,1551.5,INDBA,2540
232,2024-03-28 13:06:00,1551.65,NSE,1551.75,1550.6,1551.7,INDBA,2821
233,2024-03-28 13:07:00,1552.45,NSE,1552.45,1551.65,1551.65,INDBA,4076
234,2024-03-28 13:08:00,1552.65,NSE,1553.3,1551.75,1552.45,INDBA,13273
235,2024-03-28 13:09:00,1553.05,NSE,1553.05,1552.65,1552.65,INDBA,8355
236,2024-03-28 13:10:00,1553.35,NSE,1553.45,1553.05,1553.05,INDBA,8027
237,2024-03-28 13:11:00,1552.9,NSE,1553.5,1552.9,1553.35,INDBA,6491
238,2024-03-28 13:12:00,1553.0,NSE,1553.35,1552.4,1552.9,INDBA,5257
239,2024-03-28 13:13:00,1554.0,NSE,1554.0,1552.4,1553.0,INDBA,4782
240,2024-03-28 13:14:00,1554.05,NSE,1554.5,1553.85,1553.85,INDBA,6776
241,2024-03-28 13:15:00,1554.2,NSE,1554.4,1554.05,1554.4,INDBA,6066
242,2024-03-28 13:16:00,1554.25,NSE,1554.25,1553.9,1554.25,INDBA,7444
243,2024-03-28 13:17:00,1553.9,NSE,1554.25,1553.9,1554.15,INDBA,4999
244,2024-03-28 13:18:00,1554.15,NSE,1554.15,1553.3,1553.3,INDBA,4775
245,2024-03-28 13:19:00,1554.0,NSE,1554.15,1553.75,1554.05,INDBA,5657
246,2024-03-28 13:20:00,1554.15,NSE,1554.15,1553.75,1553.95,INDBA,5222
247,2024-03-28 13:21:00,1554.1,NSE,1554.15,1553.95,1554.1,INDBA,5422
248,2024-03-28 13:22:00,1553.9,NSE,1554.1,1553.9,1554.1,INDBA,6028
249,2024-03-28 13:23:00,1553.6,NSE,1554.0,1553.15,1553.9,INDBA,4326
250,2024-03-28 13:24:00,1553.95,NSE,1554.15,1553.6,1553.75,INDBA,6741
251,2024-03-28 13:25:00,1554.15,NSE,1554.15,1553.8,1554.05,INDBA,4105
252,2024-03-28 13:26:00,1553.95,NSE,1554.1,1553.95,1554.1,INDBA,6231
253,2024-03-28 13:27:00,1553.4,NSE,1554.2,1553.05,1554.2,INDBA,8363
254,2024-03-28 13:28:00,1553.0,NSE,1553.7,1552.7,1553.65,INDBA,6973
255,2024-03-28 13:29:00,1552.6,NSE,1553.35,1552.5,1553.0,INDBA,3211
256,2024-03-28 13:30:00,1552.4,NSE,1553.0,1552.4,1552.65,INDBA,13809
257,2024-03-28 13:31:00,1553.3,NSE,1553.45,1553.1,1553.4,INDBA,8040
258,2024-03-28 13:32:00,1553.2,NSE,1553.2,1552.3,1552.55,INDBA,5272
259,2024-03-28 13:33:00,1552.95,NSE,1553.55,1552.55,1553.2,INDBA,5111
260,2024-03-28 13:34:00,1553.65,NSE,1553.65,1552.9,1552.95,INDBA,5617
261,2024-03-28 13:35:00,1553.45,NSE,1553.85,1552.65,1553.65,INDBA,7003
262,2024-03-28 13:36:00,1554.55,NSE,1555.2,1553.45,1553.45,INDBA,35476
263,2024-03-28 13:37:00,1555.4,NSE,1555.7,1554.55,1554.55,INDBA,17190
264,2024-03-28 13:38:00,1555.4,NSE,1555.6,1554.65,1555.4,INDBA,5115
265,2024-03-28 13:39:00,1554.1,NSE,1555.45,1553.9,1555.25,INDBA,7970
266,2024-03-28 13:40:00,1555.45,NSE,1555.6,1553.8,1554.15,INDBA,6818
267,2024-03-28 13:41:00,1555.3,NSE,1555.65,1554.2,1555.45,INDBA,11303
268,2024-03-28 13:42:00,1554.5,NSE,1554.9,1553.4,1554.8,INDBA,5998
269,2024-03-28 13:43:00,1554.45,NSE,1555.05,1553.9,1553.9,INDBA,6664
270,2024-03-28 13:44:00,1555.1,NSE,1555.45,1554.4,1554.45,INDBA,5578
271,2024-03-28 13:45:00,1554.35,NSE,1555.1,1554.35,1555.1,INDBA,6237
272,2024-03-28 13:46:00,1554.85,NSE,1555.05,1554.5,1555.0,INDBA,5361
273,2024-03-28 13:47:00,1555.45,NSE,1555.45,1554.75,1554.85,INDBA,7921
274,2024-03-28 13:48:00,1554.55,NSE,1555.25,1554.35,1555.15,INDBA,6711
275,2024-03-28 13:49:00,1554.65,NSE,1554.8,1554.0,1554.55,INDBA,7188
276,2024-03-28 13:50:00,1555.4,NSE,1555.45,1554.35,1554.95,INDBA,6409
277,2024-03-28 13:51:00,1555.05,NSE,1555.5,1554.45,1554.8,INDBA,6967
278,2024-03-28 13:52:00,1555.65,NSE,1555.7,1555.0,1555.05,INDBA,5610
279,2024-03-28 13:53:00,1555.85,NSE,1555.95,1555.5,1555.5,INDBA,6317
280,2024-03-28 13:54:00,1555.85,NSE,1555.85,1555.5,1555.85,INDBA,7476
281,2024-03-28 13:55:00,1556.85,NSE,1556.85,1555.9,1556.5,INDBA,29576
282,2024-03-28 13:56:00,1556.4,NSE,1556.85,1556.25,1556.85,INDBA,6052
283,2024-03-28 13:57:00,1556.0,NSE,1556.4,1555.35,1556.4,INDBA,5019
284,2024-03-28 13:58:00,1555.95,NSE,1556.0,1555.9,1555.95,INDBA,4103
285,2024-03-28 13:59:00,1556.15,NSE,1556.15,1555.95,1555.95,INDBA,4639
286,2024-03-28 14:00:00,1556.0,NSE,1556.35,1555.95,1556.25,INDBA,7656
287,2024-03-28 14:01:00,1555.95,NSE,1556.4,1555.4,1555.9,INDBA,7649
288,2024-03-28 14:02:00,1555.7,NSE,1556.25,1555.1,1555.95,INDBA,7715
289,2024-03-28 14:03:00,1556.6,NSE,1556.75,1555.25,1555.7,INDBA,11004
290,2024-03-28 14:04:00,1556.95,NSE,1557.0,1556.55,1556.6,INDBA,12828
291,2024-03-28 14:05:00,1556.6,NSE,1557.0,1555.9,1556.95,INDBA,10240
292,2024-03-28 14:06:00,1556.4,NSE,1556.65,1555.9,1556.5,INDBA,6977
293,2024-03-28 14:07:00,1557.65,NSE,1557.65,1556.3,1556.35,INDBA,23069
294,2024-03-28 14:08:00,1557.75,NSE,1557.95,1557.1,1557.75,INDBA,13625
295,2024-03-28 14:09:00,1557.2,NSE,1557.85,1556.5,1557.3,INDBA,9036
296,2024-03-28 14:10:00,1557.85,NSE,1558.0,1557.45,1557.65,INDBA,12382
297,2024-03-28 14:11:00,1558.65,NSE,1559.0,1557.85,1557.85,INDBA,22859
298,2024-03-28 14:12:00,1559.8,NSE,1559.85,1558.55,1558.65,INDBA,11472
299,2024-03-28 14:13:00,1560.65,NSE,1560.95,1559.3,1559.85,INDBA,28215
300,2024-03-28 14:14:00,1561.6,NSE,1561.75,1560.35,1560.35,INDBA,10752
301,2024-03-28 14:15:00,1561.15,NSE,1561.75,1560.8,1561.3,INDBA,8068
302,2024-03-28 14:16:00,1560.8,NSE,1561.2,1560.0,1561.1,INDBA,7655
303,2024-03-28 14:17:00,1561.3,NSE,1561.75,1560.6,1560.8,INDBA,12086
304,2024-03-28 14:18:00,1560.85,NSE,1561.5,1560.65,1561.3,INDBA,9776
305,2024-03-28 14:19:00,1560.95,NSE,1562.0,1560.8,1560.85,INDBA,14575
306,2024-03-28 14:20:00,1560.85,NSE,1561.8,1560.55,1561.15,INDBA,10209
307,2024-03-28 14:21:00,1560.9,NSE,1561.5,1560.3,1560.85,INDBA,8836
308,2024-03-28 14:22:00,1560.9,NSE,1561.0,1560.55,1560.95,INDBA,7205
309,2024-03-28 14:23:00,1560.5,NSE,1561.0,1560.0,1561.0,INDBA,8895
310,2024-03-28 14:24:00,1559.4,NSE,1560.5,1558.9,1559.9,INDBA,6742
311,2024-03-28 14:25:00,1560.25,NSE,1560.25,1559.25,1559.4,INDBA,7936
312,2024-03-28 14:26:00,1561.6,NSE,1561.6,1559.9,1560.25,INDBA,18137
313,2024-03-28 14:27:00,1561.5,NSE,1561.65,1560.7,1561.5,INDBA,6339
314,2024-03-28 14:28:00,1561.65,NSE,1561.9,1561.25,1561.5,INDBA,5412
315,2024-03-28 14:29:00,1562.4,NSE,1562.8,1561.5,1561.65,INDBA,12489
316,2024-03-28 14:30:00,1562.5,NSE,1563.0,1561.75,1562.5,INDBA,7153
317,2024-03-28 14:31:00,1563.8,NSE,1564.35,1562.3,1562.5,INDBA,11011
318,2024-03-28 14:32:00,1563.35,NSE,1564.2,1563.1,1563.9,INDBA,10528
319,2024-03-28 14:33:00,1563.4,NSE,1564.5,1563.25,1563.35,INDBA,13588
320,2024-03-28 14:34:00,1563.9,NSE,1564.45,1562.95,1563.15,INDBA,14839
321,2024-03-28 14:35:00,1564.45,NSE,1564.45,1562.6,1564.0,INDBA,11694
322,2024-03-28 14:36:00,1563.65,NSE,1564.4,1563.15,1563.9,INDBA,23686
323,2024-03-28 14:37:00,1563.4,NSE,1564.1,1563.0,1563.65,INDBA,11335
324,2024-03-28 14:38:00,1563.4,NSE,1564.25,1562.7,1563.4,INDBA,9781
325,2024-03-28 14:39:00,1563.45,NSE,1564.0,1562.05,1563.1,INDBA,15420
326,2024-03-28 14:40:00,1563.3,NSE,1563.8,1561.95,1563.45,INDBA,18679
327,2024-03-28 14:41:00,1563.45,NSE,1564.35,1563.05,1563.3,INDBA,12312
328,2024-03-28 14:42:00,1563.65,NSE,1563.65,1562.1,1563.45,INDBA,17020
329,2024-03-28 14:43:00,1562.25,NSE,1563.85,1560.9,1563.55,INDBA,14625
330,2024-03-28 14:44:00,1561.2,NSE,1563.55,1560.8,1562.25,INDBA,14656
331,2024-03-28 14:45:00,1560.05,NSE,1561.55,1560.05,1561.2,INDBA,13015
332,2024-03-28 14:46:00,1558.8,NSE,1560.75,1558.4,1560.25,INDBA,15227
333,2024-03-28 14:47:00,1559.35,NSE,1560.1,1558.25,1558.8,INDBA,14076
334,2024-03-28 14:48:00,1559.8,NSE,1559.95,1558.5,1558.85,INDBA,10980
335,2024-03-28 14:49:00,1559.25,NSE,1559.85,1558.3,1559.85,INDBA,6821
336,2024-03-28 14:50:00,1559.1,NSE,1559.75,1558.6,1559.25,INDBA,9691
337,2024-03-28 14:51:00,1559.75,NSE,1559.85,1558.85,1559.1,INDBA,8310
338,2024-03-28 14:52:00,1559.7,NSE,1560.0,1559.0,1559.85,INDBA,12302
339,2024-03-28 14:53:00,1559.25,NSE,1559.7,1558.4,1559.7,INDBA,7964
340,2024-03-28 14:54:00,1558.3,NSE,1559.35,1557.6,1559.25,INDBA,15736
341,2024-03-28 14:55:00,1558.7,NSE,1558.8,1557.7,1558.3,INDBA,8427
342,2024-03-28 14:56:00,1558.2,NSE,1558.9,1557.1,1558.75,INDBA,13979
343,2024-03-28 14:57:00,1559.75,NSE,1559.75,1558.15,1558.2,INDBA,17594
344,2024-03-28 14:58:00,1559.05,NSE,1559.8,1558.7,1559.75,INDBA,10009
345,2024-03-28 14:59:00,1558.85,NSE,1559.8,1558.65,1559.05,INDBA,13014
346,2024-03-28 15:00:00,1557.1,NSE,1558.85,1556.3,1558.8,INDBA,24478
347,2024-03-28 15:01:00,1556.25,NSE,1556.5,1554.9,1556.45,INDBA,29400
348,2024-03-28 15:02:00,1555.6,NSE,1558.25,1555.25,1556.4,INDBA,29021
349,2024-03-28 15:03:00,1558.25,NSE,1559.1,1555.5,1555.6,INDBA,26585
350,2024-03-28 15:04:00,1555.95,NSE,1558.1,1555.7,1557.9,INDBA,29962
351,2024-03-28 15:05:00,1557.3,NSE,1557.65,1555.1,1556.2,INDBA,33991
352,2024-03-28 15:06:00,1555.85,NSE,1557.45,1554.55,1557.35,INDBA,32548
353,2024-03-28 15:07:00,1556.25,NSE,1557.2,1554.4,1556.0,INDBA,38450
354,2024-03-28 15:08:00,1554.1,NSE,1556.85,1554.1,1556.0,INDBA,38391
355,2024-03-28 15:09:00,1553.1,NSE,1555.5,1552.85,1554.5,INDBA,41867
356,2024-03-28 15:10:00,1550.6,NSE,1553.75,1550.05,1553.2,INDBA,95424
357,2024-03-28 15:11:00,1550.55,NSE,1551.85,1549.1,1550.45,INDBA,31683
358,2024-03-28 15:12:00,1551.15,NSE,1552.9,1549.7,1550.0,INDBA,35120
359,2024-03-28 15:13:00,1549.65,NSE,1550.95,1547.8,1550.95,INDBA,20408
360,2024-03-28 15:14:00,1548.1,NSE,1552.55,1548.1,1549.65,INDBA,33112
361,2024-03-28 15:15:00,1548.85,NSE,1549.5,1547.5,1548.1,INDBA,21424
362,2024-03-28 15:16:00,1548.9,NSE,1549.15,1548.1,1548.95,INDBA,20689
363,2024-03-28 15:17:00,1550.9,NSE,1550.9,1548.9,1548.95,INDBA,20259
364,2024-03-28 15:18:00,1549.65,NSE,1551.2,1549.3,1550.9,INDBA,24309
365,2024-03-28 15:19:00,1551.75,NSE,1551.8,1549.7,1549.7,INDBA,24185
366,2024-03-28 15:20:00,1550.25,NSE,1551.75,1549.65,1551.75,INDBA,26525
367,2024-03-28 15:21:00,1552.55,NSE,1553.2,1550.2,1550.2,INDBA,29119
368,2024-03-28 15:22:00,1552.3,NSE,1554.05,1551.7,1553.0,INDBA,23803
369,2024-03-28 15:23:00,1552.65,NSE,1553.5,1551.3,1552.25,INDBA,27606
370,2024-03-28 15:24:00,1552.35,NSE,1555.0,1551.7,1552.15,INDBA,22933
371,2024-03-28 15:25:00,1552.45,NSE,1553.2,1552.25,1552.3,INDBA,21453
372,2024-03-28 15:26:00,1549.55,NSE,1553.25,1549.55,1552.4,INDBA,18307
373,2024-03-28 15:27:00,1549.5,NSE,1552.2,1549.5,1549.55,INDBA,22503
374,2024-03-28 15:28:00,1550.8,NSE,1552.1,1549.4,1549.5,INDBA,25121
375,2024-03-28 15:29:00,1549.5,NSE,1550.8,1548.0,1550.8,INDBA,3970
