close,datetime,exchange_code,expiry_date,high,low,open,open_interest,product_type,right,stock_code,strike_price,volume
106.9,2023-10-13 09:15:00,NFO,2023-10-19,112.1,100.0,112.1,1032500,Options,Call,NIFTY,19700.0,1737400
109.5,2023-10-13 09:16:00,NFO,2023-10-19,110.2,100.85,107.1,1032500,Options,Call,NIFTY,19700.0,1453300
111.3,2023-10-13 09:17:00,NFO,2023-10-19,112.9,108.85,108.85,2420550,Options,Call,NIFTY,19700.0,1496600
113.5,2023-10-13 09:18:00,NFO,2023-10-19,113.5,109.05,110.7,2420550,Options,Call,NIFTY,19700.0,1009750
111.75,2023-10-13 09:19:00,NFO,2023-10-19,113.85,110.85,113.85,2420550,Options,Call,NIFTY,19700.0,1078000
108.15,2023-10-13 09:20:00,NFO,2023-10-19,111.95,107.85,111.95,3317550,Options,Call,NIFTY,19700.0,1120250
109.35,2023-10-13 09:21:00,NFO,2023-10-19,109.6,106.8,108.0,3317550,Options,Call,NIFTY,19700.0,665050
112.0,2023-10-13 09:22:00,NFO,2023-10-19,113.65,109.35,109.7,3317550,Options,Call,NIFTY,19700.0,1120400
113.7,2023-10-13 09:23:00,NFO,2023-10-19,114.15,112.1,112.1,3992750,Options,Call,NIFTY,19700.0,800950
115.15,2023-10-13 09:24:00,NFO,2023-10-19,116.0,112.8,113.45,3992750,Options,Call,NIFTY,19700.0,887900
114.35,2023-10-13 09:25:00,NFO,2023-10-19,115.05,112.75,115.0,3992750,Options,Call,NIFTY,19700.0,662300
115.65,2023-10-13 09:26:00,NFO,2023-10-19,118.4,113.55,114.1,4357600,Options,Call,NIFTY,19700.0,1107100
115.6,2023-10-13 09:27:00,NFO,2023-10-19,116.95,114.45,115.95,4357600,Options,Call,NIFTY,19700.0,607250
117.95,2023-10-13 09:28:00,NFO,2023-10-19,118.4,115.65,115.65,4357600,Options,Call,NIFTY,19700.0,688250
115.3,2023-10-13 09:29:00,NFO,2023-10-19,118.2,114.75,117.65,4542800,Options,Call,NIFTY,19700.0,531650
114.0,2023-10-13 09:30:00,NFO,2023-10-19,116.4,114.0,114.75,4542800,Options,Call,NIFTY,19700.0,452300
111.45,2023-10-13 09:31:00,NFO,2023-10-19,114.5,111.1,113.85,4542800,Options,Call,NIFTY,19700.0,717950
110.15,2023-10-13 09:32:00,NFO,2023-10-19,111.5,108.9,111.4,4600700,Options,Call,NIFTY,19700.0,687000
115.85,2023-10-13 09:33:00,NFO,2023-10-19,115.85,109.35,110.05,4600700,Options,Call,NIFTY,19700.0,628000
116.9,2023-10-13 09:34:00,NFO,2023-10-19,120.9,115.3,115.45,4600700,Options,Call,NIFTY,19700.0,1447800
114.5,2023-10-13 09:35:00,NFO,2023-10-19,118.0,114.35,116.3,4602450,Options,Call,NIFTY,19700.0,576700
114.25,2023-10-13 09:36:00,NFO,2023-10-19,115.45,114.2,114.4,4602450,Options,Call,NIFTY,19700.0,287700
114.2,2023-10-13 09:37:00,NFO,2023-10-19,115.0,112.85,114.0,4602450,Options,Call,NIFTY,19700.0,281250
111.75,2023-10-13 09:38:00,NFO,2023-10-19,114.5,111.2,114.3,4734150,Options,Call,NIFTY,19700.0,373400
114.55,2023-10-13 09:39:00,NFO,2023-10-19,115.0,111.1,111.9,4734150,Options,Call,NIFTY,19700.0,313850
111.25,2023-10-13 09:40:00,NFO,2023-10-19,115.3,110.9,114.15,4734150,Options,Call,NIFTY,19700.0,397100
112.75,2023-10-13 09:41:00,NFO,2023-10-19,112.9,110.0,111.35,4843350,Options,Call,NIFTY,19700.0,401300
112.15,2023-10-13 09:42:00,NFO,2023-10-19,112.95,110.6,112.7,4843350,Options,Call,NIFTY,19700.0,260250
112.35,2023-10-13 09:43:00,NFO,2023-10-19,112.8,111.4,112.05,4843350,Options,Call,NIFTY,19700.0,197100
109.8,2023-10-13 09:44:00,NFO,2023-10-19,112.75,109.75,112.05,4965550,Options,Call,NIFTY,19700.0,466450
110.9,2023-10-13 09:45:00,NFO,2023-10-19,111.0,107.65,109.8,4965550,Options,Call,NIFTY,19700.0,771000
112.5,2023-10-13 09:46:00,NFO,2023-10-19,112.5,110.75,111.6,4965550,Options,Call,NIFTY,19700.0,559950
110.95,2023-10-13 09:47:00,NFO,2023-10-19,112.4,110.7,112.3,5232450,Options,Call,NIFTY,19700.0,269550
108.4,2023-10-13 09:48:00,NFO,2023-10-19,111.4,107.4,111.4,5232450,Options,Call,NIFTY,19700.0,452400
107.85,2023-10-13 09:49:00,NFO,2023-10-19,108.9,107.5,108.3,5232450,Options,Call,NIFTY,19700.0,573250
111.6,2023-10-13 09:50:00,NFO,2023-10-19,112.15,107.6,107.9,5477450,Options,Call,NIFTY,19700.0,595150
109.7,2023-10-13 09:51:00,NFO,2023-10-19,111.2,108.75,111.2,5477450,Options,Call,NIFTY,19700.0,363000
107.0,2023-10-13 09:52:00,NFO,2023-10-19,109.75,105.05,109.35,5477450,Options,Call,NIFTY,19700.0,634300
106.95,2023-10-13 09:53:00,NFO,2023-10-19,108.75,106.8,106.8,5668100,Options,Call,NIFTY,19700.0,345150
107.95,2023-10-13 09:54:00,NFO,2023-10-19,108.75,106.95,107.25,5668100,Options,Call,NIFTY,19700.0,195650
109.45,2023-10-13 09:55:00,NFO,2023-10-19,109.45,107.15,107.8,5668100,Options,Call,NIFTY,19700.0,255500
111.75,2023-10-13 09:56:00,NFO,2023-10-19,112.15,109.35,109.35,5832200,Options,Call,NIFTY,19700.0,718850
111.2,2023-10-13 09:57:00,NFO,2023-10-19,111.95,110.1,111.75,5832200,Options,Call,NIFTY,19700.0,346000
110.3,2023-10-13 09:58:00,NFO,2023-10-19,111.5,110.0,111.05,5832200,Options,Call,NIFTY,19700.0,297350
110.8,2023-10-13 09:59:00,NFO,2023-10-19,111.35,109.6,110.0,5938000,Options,Call,NIFTY,19700.0,216850
108.65,2023-10-13 10:00:00,NFO,2023-10-19,111.0,108.05,110.65,5938000,Options,Call,NIFTY,19700.0,386950
105.7,2023-10-13 10:01:00,NFO,2023-10-19,109.35,105.7,108.75,5938000,Options,Call,NIFTY,19700.0,329500
99.6,2023-10-13 10:02:00,NFO,2023-10-19,105.75,98.15,105.25,5981000,Options,Call,NIFTY,19700.0,1259750
98.9,2023-10-13 10:03:00,NFO,2023-10-19,101.05,98.25,99.2,5981000,Options,Call,NIFTY,19700.0,781550
99.45,2023-10-13 10:04:00,NFO,2023-10-19,100.9,98.25,98.6,5981000,Options,Call,NIFTY,19700.0,534400
97.8,2023-10-13 10:05:00,NFO,2023-10-19,100.35,97.8,99.3,6096950,Options,Call,NIFTY,19700.0,460400
97.55,2023-10-13 10:06:00,NFO,2023-10-19,97.9,95.75,97.0,6096950,Options,Call,NIFTY,19700.0,745100
97.55,2023-10-13 10:07:00,NFO,2023-10-19,97.55,95.5,97.5,6096950,Options,Call,NIFTY,19700.0,505100
99.15,2023-10-13 10:08:00,NFO,2023-10-19,99.3,97.75,97.75,6430900,Options,Call,NIFTY,19700.0,539600
98.6,2023-10-13 10:09:00,NFO,2023-10-19,99.35,97.65,99.1,6430900,Options,Call,NIFTY,19700.0,455650
97.45,2023-10-13 10:10:00,NFO,2023-10-19,99.1,97.4,98.65,6430900,Options,Call,NIFTY,19700.0,429100
96.7,2023-10-13 10:11:00,NFO,2023-10-19,98.1,96.45,96.8,6675650,Options,Call,NIFTY,19700.0,347750
95.3,2023-10-13 10:12:00,NFO,2023-10-19,96.5,94.3,96.35,6675650,Options,Call,NIFTY,19700.0,668100
96.1,2023-10-13 10:13:00,NFO,2023-10-19,96.35,94.55,95.0,6675650,Options,Call,NIFTY,19700.0,427250
94.55,2023-10-13 10:14:00,NFO,2023-10-19,96.6,94.3,96.0,6798700,Options,Call,NIFTY,19700.0,454350
92.65,2023-10-13 10:15:00,NFO,2023-10-19,95.25,92.45,94.75,6798700,Options,Call,NIFTY,19700.0,902150
92.25,2023-10-13 10:16:00,NFO,2023-10-19,92.85,90.65,92.85,6798700,Options,Call,NIFTY,19700.0,726550
92.55,2023-10-13 10:17:00,NFO,2023-10-19,93.65,91.35,92.35,7153950,Options,Call,NIFTY,19700.0,653650
92.5,2023-10-13 10:18:00,NFO,2023-10-19,94.5,91.5,92.65,7153950,Options,Call,NIFTY,19700.0,551500
92.1,2023-10-13 10:19:00,NFO,2023-10-19,93.7,91.75,92.5,7153950,Options,Call,NIFTY,19700.0,235200
90.75,2023-10-13 10:20:00,NFO,2023-10-19,92.85,90.7,92.25,7506350,Options,Call,NIFTY,19700.0,330200
92.75,2023-10-13 10:21:00,NFO,2023-10-19,93.0,89.4,90.35,7506350,Options,Call,NIFTY,19700.0,551250
92.65,2023-10-13 10:22:00,NFO,2023-10-19,93.0,92.05,92.95,7506350,Options,Call,NIFTY,19700.0,229200
93.0,2023-10-13 10:23:00,NFO,2023-10-19,93.45,92.15,92.8,7613400,Options,Call,NIFTY,19700.0,246450
94.85,2023-10-13 10:24:00,NFO,2023-10-19,94.95,92.5,93.0,7613400,Options,Call,NIFTY,19700.0,342500
95.2,2023-10-13 10:25:00,NFO,2023-10-19,95.35,94.6,94.8,7613400,Options,Call,NIFTY,19700.0,407300
93.55,2023-10-13 10:26:00,NFO,2023-10-19,95.35,93.5,95.25,7656400,Options,Call,NIFTY,19700.0,270800
94.85,2023-10-13 10:27:00,NFO,2023-10-19,95.5,93.1,93.4,7656400,Options,Call,NIFTY,19700.0,251250
94.8,2023-10-13 10:28:00,NFO,2023-10-19,95.35,94.35,94.7,7656400,Options,Call,NIFTY,19700.0,179650
94.2,2023-10-13 10:29:00,NFO,2023-10-19,94.65,93.6,94.45,7709900,Options,Call,NIFTY,19700.0,171200
92.4,2023-10-13 10:30:00,NFO,2023-10-19,93.8,91.9,93.8,7709900,Options,Call,NIFTY,19700.0,471150
93.65,2023-10-13 10:31:00,NFO,2023-10-19,93.65,92.2,92.25,7709900,Options,Call,NIFTY,19700.0,241150
94.05,2023-10-13 10:32:00,NFO,2023-10-19,94.35,92.9,93.65,7919250,Options,Call,NIFTY,19700.0,294050
95.65,2023-10-13 10:33:00,NFO,2023-10-19,95.8,93.0,94.15,7919250,Options,Call,NIFTY,19700.0,278250
98.95,2023-10-13 10:34:00,NFO,2023-10-19,99.25,95.65,95.65,7919250,Options,Call,NIFTY,19700.0,1283450
96.55,2023-10-13 10:35:00,NFO,2023-10-19,99.25,96.3,99.0,8082100,Options,Call,NIFTY,19700.0,645850
96.2,2023-10-13 10:36:00,NFO,2023-10-19,96.55,94.15,96.25,8082100,Options,Call,NIFTY,19700.0,495700
96.5,2023-10-13 10:37:00,NFO,2023-10-19,98.45,95.7,96.2,8082100,Options,Call,NIFTY,19700.0,518800
96.0,2023-10-13 10:38:00,NFO,2023-10-19,96.75,95.65,96.15,8173750,Options,Call,NIFTY,19700.0,270700
96.3,2023-10-13 10:39:00,NFO,2023-10-19,96.75,95.0,96.05,8173750,Options,Call,NIFTY,19700.0,236700
95.2,2023-10-13 10:40:00,NFO,2023-10-19,96.35,94.8,96.3,8173750,Options,Call,NIFTY,19700.0,231350
92.95,2023-10-13 10:41:00,NFO,2023-10-19,95.2,92.4,95.0,8252900,Options,Call,NIFTY,19700.0,470450
93.15,2023-10-13 10:42:00,NFO,2023-10-19,93.6,92.1,93.05,8252900,Options,Call,NIFTY,19700.0,367000
92.0,2023-10-13 10:43:00,NFO,2023-10-19,93.25,91.65,93.2,8252900,Options,Call,NIFTY,19700.0,452300
92.55,2023-10-13 10:44:00,NFO,2023-10-19,93.2,91.8,92.0,8345900,Options,Call,NIFTY,19700.0,268200
91.25,2023-10-13 10:45:00,NFO,2023-10-19,93.0,90.7,92.5,8345900,Options,Call,NIFTY,19700.0,339400
88.45,2023-10-13 10:46:00,NFO,2023-10-19,91.1,87.7,91.1,8345900,Options,Call,NIFTY,19700.0,974000
87.75,2023-10-13 10:47:00,NFO,2023-10-19,89.55,87.75,88.5,8444350,Options,Call,NIFTY,19700.0,443850
89.45,2023-10-13 10:48:00,NFO,2023-10-19,89.55,87.9,88.0,8444350,Options,Call,NIFTY,19700.0,291350
90.0,2023-10-13 10:49:00,NFO,2023-10-19,90.1,88.6,89.35,8444350,Options,Call,NIFTY,19700.0,256800
89.25,2023-10-13 10:50:00,NFO,2023-10-19,90.25,88.5,89.95,8504350,Options,Call,NIFTY,19700.0,286650
90.0,2023-10-13 10:51:00,NFO,2023-10-19,91.55,89.2,89.2,8504350,Options,Call,NIFTY,19700.0,387750
89.55,2023-10-13 10:52:00,NFO,2023-10-19,90.05,88.9,90.0,8504350,Options,Call,NIFTY,19700.0,227050
89.0,2023-10-13 10:53:00,NFO,2023-10-19,89.75,88.75,89.3,8716450,Options,Call,NIFTY,19700.0,135950
89.95,2023-10-13 10:54:00,NFO,2023-10-19,90.4,88.95,89.2,8716450,Options,Call,NIFTY,19700.0,178700
90.05,2023-10-13 10:55:00,NFO,2023-10-19,90.5,89.6,90.0,8716450,Options,Call,NIFTY,19700.0,184800
91.75,2023-10-13 10:56:00,NFO,2023-10-19,92.15,89.9,90.05,8783700,Options,Call,NIFTY,19700.0,394700
91.1,2023-10-13 10:57:00,NFO,2023-10-19,91.8,90.75,91.8,8783700,Options,Call,NIFTY,19700.0,192600
89.15,2023-10-13 10:58:00,NFO,2023-10-19,91.3,89.1,91.3,8783700,Options,Call,NIFTY,19700.0,287300
90.95,2023-10-13 10:59:00,NFO,2023-10-19,91.1,89.0,89.2,8801500,Options,Call,NIFTY,19700.0,227400
90.05,2023-10-13 11:00:00,NFO,2023-10-19,91.55,89.85,90.7,8801500,Options,Call,NIFTY,19700.0,228450
91.0,2023-10-13 11:01:00,NFO,2023-10-19,91.35,89.95,90.1,8801500,Options,Call,NIFTY,19700.0,187700
91.3,2023-10-13 11:02:00,NFO,2023-10-19,92.45,90.9,91.1,8932550,Options,Call,NIFTY,19700.0,290350
89.5,2023-10-13 11:03:00,NFO,2023-10-19,91.55,89.15,91.35,8932550,Options,Call,NIFTY,19700.0,419300
92.9,2023-10-13 11:04:00,NFO,2023-10-19,93.9,89.3,89.5,8932550,Options,Call,NIFTY,19700.0,571050
92.15,2023-10-13 11:05:00,NFO,2023-10-19,92.9,90.85,92.85,9078650,Options,Call,NIFTY,19700.0,314750
94.55,2023-10-13 11:06:00,NFO,2023-10-19,94.6,92.05,92.05,9078650,Options,Call,NIFTY,19700.0,376650
92.95,2023-10-13 11:07:00,NFO,2023-10-19,94.95,92.35,94.65,9078650,Options,Call,NIFTY,19700.0,400700
92.35,2023-10-13 11:08:00,NFO,2023-10-19,93.0,91.45,92.75,9157600,Options,Call,NIFTY,19700.0,206800
92.25,2023-10-13 11:09:00,NFO,2023-10-19,92.85,91.8,92.6,9157600,Options,Call,NIFTY,19700.0,134050
92.1,2023-10-13 11:10:00,NFO,2023-10-19,92.9,91.75,92.25,9157600,Options,Call,NIFTY,19700.0,131800
93.4,2023-10-13 11:11:00,NFO,2023-10-19,93.75,91.65,92.2,9220200,Options,Call,NIFTY,19700.0,201950
92.45,2023-10-13 11:12:00,NFO,2023-10-19,92.9,91.45,92.8,9220200,Options,Call,NIFTY,19700.0,229650
92.85,2023-10-13 11:13:00,NFO,2023-10-19,93.45,92.45,92.45,9220200,Options,Call,NIFTY,19700.0,131950
91.5,2023-10-13 11:14:00,NFO,2023-10-19,92.95,90.65,92.75,9262100,Options,Call,NIFTY,19700.0,229000
91.7,2023-10-13 11:15:00,NFO,2023-10-19,91.8,90.15,91.4,9262100,Options,Call,NIFTY,19700.0,205200
90.4,2023-10-13 11:16:00,NFO,2023-10-19,91.95,90.25,91.7,9262100,Options,Call,NIFTY,19700.0,183900
91.35,2023-10-13 11:17:00,NFO,2023-10-19,91.35,89.8,90.5,9362350,Options,Call,NIFTY,19700.0,261300
95.7,2023-10-13 11:18:00,NFO,2023-10-19,96.4,90.9,91.5,9362350,Options,Call,NIFTY,19700.0,529900
94.25,2023-10-13 11:19:00,NFO,2023-10-19,95.5,93.8,95.1,9362350,Options,Call,NIFTY,19700.0,564550
94.45,2023-10-13 11:20:00,NFO,2023-10-19,95.3,94.0,94.45,9350250,Options,Call,NIFTY,19700.0,444600
94.75,2023-10-13 11:21:00,NFO,2023-10-19,95.45,94.5,94.7,9350250,Options,Call,NIFTY,19700.0,304800
96.4,2023-10-13 11:22:00,NFO,2023-10-19,97.3,93.8,94.9,9350250,Options,Call,NIFTY,19700.0,434700
95.3,2023-10-13 11:23:00,NFO,2023-10-19,96.3,94.5,96.3,9344100,Options,Call,NIFTY,19700.0,288800
95.2,2023-10-13 11:24:00,NFO,2023-10-19,96.55,93.85,95.05,9344100,Options,Call,NIFTY,19700.0,321200
95.85,2023-10-13 11:25:00,NFO,2023-10-19,96.6,95.35,95.35,9344100,Options,Call,NIFTY,19700.0,391350
96.1,2023-10-13 11:26:00,NFO,2023-10-19,97.25,95.2,96.4,9364550,Options,Call,NIFTY,19700.0,456500
95.65,2023-10-13 11:27:00,NFO,2023-10-19,96.85,95.55,96.2,9364550,Options,Call,NIFTY,19700.0,300300
96.35,2023-10-13 11:28:00,NFO,2023-10-19,97.15,95.25,95.55,9364550,Options,Call,NIFTY,19700.0,349350
95.95,2023-10-13 11:29:00,NFO,2023-10-19,96.85,95.6,96.2,9359100,Options,Call,NIFTY,19700.0,189350
94.55,2023-10-13 11:30:00,NFO,2023-10-19,96.45,93.8,95.65,9359100,Options,Call,NIFTY,19700.0,360450
92.25,2023-10-13 11:31:00,NFO,2023-10-19,95.2,91.8,94.55,9359100,Options,Call,NIFTY,19700.0,420600
91.8,2023-10-13 11:32:00,NFO,2023-10-19,92.95,91.25,92.1,9376450,Options,Call,NIFTY,19700.0,252550
93.5,2023-10-13 11:33:00,NFO,2023-10-19,93.7,91.75,92.0,9376450,Options,Call,NIFTY,19700.0,229650
95.25,2023-10-13 11:34:00,NFO,2023-10-19,95.25,92.9,93.65,9376450,Options,Call,NIFTY,19700.0,286850
95.25,2023-10-13 11:35:00,NFO,2023-10-19,95.6,94.25,95.3,9324900,Options,Call,NIFTY,19700.0,232000
96.65,2023-10-13 11:36:00,NFO,2023-10-19,97.5,95.0,95.5,9324900,Options,Call,NIFTY,19700.0,451450
97.7,2023-10-13 11:37:00,NFO,2023-10-19,97.7,95.75,96.55,9324900,Options,Call,NIFTY,19700.0,358100
97.0,2023-10-13 11:38:00,NFO,2023-10-19,98.3,96.25,97.75,9258250,Options,Call,NIFTY,19700.0,444900
96.35,2023-10-13 11:39:00,NFO,2023-10-19,97.35,95.6,97.2,9258250,Options,Call,NIFTY,19700.0,245400
96.5,2023-10-13 11:40:00,NFO,2023-10-19,96.95,95.45,96.2,9258250,Options,Call,NIFTY,19700.0,164400
94.85,2023-10-13 11:41:00,NFO,2023-10-19,96.7,94.5,96.4,9246600,Options,Call,NIFTY,19700.0,231100
95.35,2023-10-13 11:42:00,NFO,2023-10-19,95.65,94.35,94.75,9246600,Options,Call,NIFTY,19700.0,153050
93.85,2023-10-13 11:43:00,NFO,2023-10-19,95.5,93.05,95.5,9246600,Options,Call,NIFTY,19700.0,253400
94.6,2023-10-13 11:44:00,NFO,2023-10-19,95.25,93.9,94.0,9251000,Options,Call,NIFTY,19700.0,140550
94.55,2023-10-13 11:45:00,NFO,2023-10-19,95.0,93.15,94.8,9251000,Options,Call,NIFTY,19700.0,168450
96.25,2023-10-13 11:46:00,NFO,2023-10-19,96.9,94.9,94.9,9251000,Options,Call,NIFTY,19700.0,311650
95.8,2023-10-13 11:47:00,NFO,2023-10-19,97.15,95.8,96.3,9226950,Options,Call,NIFTY,19700.0,269200
96.7,2023-10-13 11:48:00,NFO,2023-10-19,96.75,95.8,96.1,9226950,Options,Call,NIFTY,19700.0,185900
95.9,2023-10-13 11:49:00,NFO,2023-10-19,96.95,95.25,96.8,9226950,Options,Call,NIFTY,19700.0,143050
95.35,2023-10-13 11:50:00,NFO,2023-10-19,95.95,94.9,95.7,9181000,Options,Call,NIFTY,19700.0,140700
95.4,2023-10-13 11:51:00,NFO,2023-10-19,95.8,94.9,95.15,9181000,Options,Call,NIFTY,19700.0,112500
94.9,2023-10-13 11:52:00,NFO,2023-10-19,95.4,93.9,95.4,9181000,Options,Call,NIFTY,19700.0,272100
97.75,2023-10-13 11:53:00,NFO,2023-10-19,97.85,94.8,95.1,9181650,Options,Call,NIFTY,19700.0,431550
99.1,2023-10-13 11:54:00,NFO,2023-10-19,99.1,96.8,97.4,9181650,Options,Call,NIFTY,19700.0,557600
98.1,2023-10-13 11:55:00,NFO,2023-10-19,99.55,98.1,99.55,9181650,Options,Call,NIFTY,19700.0,580200
97.75,2023-10-13 11:56:00,NFO,2023-10-19,98.55,97.5,98.2,9083800,Options,Call,NIFTY,19700.0,204950
98.3,2023-10-13 11:57:00,NFO,2023-10-19,98.75,97.0,98.0,9083800,Options,Call,NIFTY,19700.0,257700
97.35,2023-10-13 11:58:00,NFO,2023-10-19,98.5,96.7,98.5,9083800,Options,Call,NIFTY,19700.0,202550
97.0,2023-10-13 11:59:00,NFO,2023-10-19,97.45,96.3,97.45,9021950,Options,Call,NIFTY,19700.0,157400
96.55,2023-10-13 12:00:00,NFO,2023-10-19,97.25,96.1,96.8,9021950,Options,Call,NIFTY,19700.0,152600
96.6,2023-10-13 12:01:00,NFO,2023-10-19,97.4,96.3,96.3,9021950,Options,Call,NIFTY,19700.0,134100
97.95,2023-10-13 12:02:00,NFO,2023-10-19,98.3,96.3,96.45,9003400,Options,Call,NIFTY,19700.0,176050
97.95,2023-10-13 12:03:00,NFO,2023-10-19,98.5,97.75,97.8,9003400,Options,Call,NIFTY,19700.0,134950
98.2,2023-10-13 12:04:00,NFO,2023-10-19,99.1,98.05,98.3,9003400,Options,Call,NIFTY,19700.0,308550
96.75,2023-10-13 12:05:00,NFO,2023-10-19,98.5,96.75,98.3,8987100,Options,Call,NIFTY,19700.0,212600
95.5,2023-10-13 12:06:00,NFO,2023-10-19,97.2,95.2,97.0,8987100,Options,Call,NIFTY,19700.0,375050
96.0,2023-10-13 12:07:00,NFO,2023-10-19,96.5,95.3,95.55,8987100,Options,Call,NIFTY,19700.0,311850
93.8,2023-10-13 12:08:00,NFO,2023-10-19,96.3,93.6,96.2,8929500,Options,Call,NIFTY,19700.0,298950
94.9,2023-10-13 12:09:00,NFO,2023-10-19,95.4,93.55,94.0,8929500,Options,Call,NIFTY,19700.0,248700
94.4,2023-10-13 12:10:00,NFO,2023-10-19,95.15,93.35,95.1,8929500,Options,Call,NIFTY,19700.0,238100
94.7,2023-10-13 12:11:00,NFO,2023-10-19,95.2,94.1,94.7,8894200,Options,Call,NIFTY,19700.0,236450
94.55,2023-10-13 12:12:00,NFO,2023-10-19,95.0,93.3,94.7,8894200,Options,Call,NIFTY,19700.0,210800
94.5,2023-10-13 12:13:00,NFO,2023-10-19,95.1,93.9,94.55,8894200,Options,Call,NIFTY,19700.0,163400
94.0,2023-10-13 12:14:00,NFO,2023-10-19,95.0,94.0,94.3,8983800,Options,Call,NIFTY,19700.0,172100
94.85,2023-10-13 12:15:00,NFO,2023-10-19,95.2,94.0,94.0,8983800,Options,Call,NIFTY,19700.0,142150
94.55,2023-10-13 12:16:00,NFO,2023-10-19,95.9,94.5,94.75,8983800,Options,Call,NIFTY,19700.0,186650
96.25,2023-10-13 12:17:00,NFO,2023-10-19,96.4,94.6,95.0,8979000,Options,Call,NIFTY,19700.0,192250
96.0,2023-10-13 12:18:00,NFO,2023-10-19,96.3,95.45,96.2,8979000,Options,Call,NIFTY,19700.0,137200
95.9,2023-10-13 12:19:00,NFO,2023-10-19,96.45,95.8,96.05,8979000,Options,Call,NIFTY,19700.0,207600
96.75,2023-10-13 12:20:00,NFO,2023-10-19,97.6,95.95,95.95,8983550,Options,Call,NIFTY,19700.0,310600
98.0,2023-10-13 12:21:00,NFO,2023-10-19,98.3,96.6,97.0,8983550,Options,Call,NIFTY,19700.0,406000
98.35,2023-10-13 12:22:00,NFO,2023-10-19,98.7,97.65,98.05,8983550,Options,Call,NIFTY,19700.0,393300
101.85,2023-10-13 12:23:00,NFO,2023-10-19,102.45,97.8,98.25,9066100,Options,Call,NIFTY,19700.0,727500
103.9,2023-10-13 12:24:00,NFO,2023-10-19,104.7,101.35,101.35,9066100,Options,Call,NIFTY,19700.0,1126300
104.35,2023-10-13 12:25:00,NFO,2023-10-19,105.0,103.15,103.95,9066100,Options,Call,NIFTY,19700.0,678100
103.75,2023-10-13 12:26:00,NFO,2023-10-19,104.9,103.55,104.65,8851250,Options,Call,NIFTY,19700.0,424900
105.7,2023-10-13 12:27:00,NFO,2023-10-19,106.1,103.55,103.75,8851250,Options,Call,NIFTY,19700.0,611800
106.8,2023-10-13 12:28:00,NFO,2023-10-19,108.7,106.05,106.05,8851250,Options,Call,NIFTY,19700.0,852050
106.65,2023-10-13 12:29:00,NFO,2023-10-19,108.25,106.2,106.85,8636800,Options,Call,NIFTY,19700.0,537200
105.9,2023-10-13 12:30:00,NFO,2023-10-19,107.2,104.3,107.1,8636800,Options,Call,NIFTY,19700.0,635300
106.6,2023-10-13 12:31:00,NFO,2023-10-19,106.9,106.0,106.05,8636800,Options,Call,NIFTY,19700.0,366350
107.15,2023-10-13 12:32:00,NFO,2023-10-19,108.1,106.9,107.0,8475850,Options,Call,NIFTY,19700.0,424450
106.6,2023-10-13 12:33:00,NFO,2023-10-19,107.45,106.2,107.25,8475850,Options,Call,NIFTY,19700.0,254550
108.3,2023-10-13 12:34:00,NFO,2023-10-19,108.75,105.9,106.8,8475850,Options,Call,NIFTY,19700.0,422600
107.65,2023-10-13 12:35:00,NFO,2023-10-19,108.35,107.1,108.2,8389350,Options,Call,NIFTY,19700.0,382450
107.8,2023-10-13 12:36:00,NFO,2023-10-19,108.0,106.8,107.85,8389350,Options,Call,NIFTY,19700.0,196400
107.05,2023-10-13 12:37:00,NFO,2023-10-19,108.6,107.05,107.65,8389350,Options,Call,NIFTY,19700.0,279450
111.35,2023-10-13 12:38:00,NFO,2023-10-19,111.65,107.9,107.95,8374400,Options,Call,NIFTY,19700.0,823750
108.75,2023-10-13 12:39:00,NFO,2023-10-19,111.25,108.75,111.2,8374400,Options,Call,NIFTY,19700.0,520700
111.05,2023-10-13 12:40:00,NFO,2023-10-19,111.05,108.9,109.0,8374400,Options,Call,NIFTY,19700.0,447000
114.75,2023-10-13 12:41:00,NFO,2023-10-19,116.0,111.7,112.0,8179900,Options,Call,NIFTY,19700.0,1542950
116.1,2023-10-13 12:42:00,NFO,2023-10-19,117.7,115.65,115.85,8179900,Options,Call,NIFTY,19700.0,1281450
113.95,2023-10-13 12:43:00,NFO,2023-10-19,116.3,113.1,115.45,8179900,Options,Call,NIFTY,19700.0,891400
114.45,2023-10-13 12:44:00,NFO,2023-10-19,115.35,113.95,114.25,7942800,Options,Call,NIFTY,19700.0,417350
113.95,2023-10-13 12:45:00,NFO,2023-10-19,114.75,113.4,114.75,7942800,Options,Call,NIFTY,19700.0,436300
113.75,2023-10-13 12:46:00,NFO,2023-10-19,114.85,113.35,113.75,7942800,Options,Call,NIFTY,19700.0,453700
112.15,2023-10-13 12:47:00,NFO,2023-10-19,114.5,111.1,114.0,7912700,Options,Call,NIFTY,19700.0,509900
110.75,2023-10-13 12:48:00,NFO,2023-10-19,112.3,108.0,112.05,7912700,Options,Call,NIFTY,19700.0,855450
109.9,2023-10-13 12:49:00,NFO,2023-10-19,111.7,109.7,111.0,7912700,Options,Call,NIFTY,19700.0,344500
110.85,2023-10-13 12:50:00,NFO,2023-10-19,111.1,108.4,110.25,7975000,Options,Call,NIFTY,19700.0,366700
109.95,2023-10-13 12:51:00,NFO,2023-10-19,111.65,109.65,111.0,7975000,Options,Call,NIFTY,19700.0,346850
109.55,2023-10-13 12:52:00,NFO,2023-10-19,110.75,108.5,110.2,7975000,Options,Call,NIFTY,19700.0,284950
107.0,2023-10-13 12:53:00,NFO,2023-10-19,109.7,106.9,109.5,8077200,Options,Call,NIFTY,19700.0,422100
109.5,2023-10-13 12:54:00,NFO,2023-10-19,109.65,106.95,107.6,8077200,Options,Call,NIFTY,19700.0,333000
111.05,2023-10-13 12:55:00,NFO,2023-10-19,111.05,109.0,109.5,8077200,Options,Call,NIFTY,19700.0,288850
110.9,2023-10-13 12:56:00,NFO,2023-10-19,111.45,110.2,111.1,8017850,Options,Call,NIFTY,19700.0,200750
111.75,2023-10-13 12:57:00,NFO,2023-10-19,113.05,110.8,110.8,8017850,Options,Call,NIFTY,19700.0,397900
112.95,2023-10-13 12:58:00,NFO,2023-10-19,113.35,111.65,111.9,8017850,Options,Call,NIFTY,19700.0,262100
114.9,2023-10-13 12:59:00,NFO,2023-10-19,115.15,112.7,113.15,8050700,Options,Call,NIFTY,19700.0,408550
114.7,2023-10-13 13:00:00,NFO,2023-10-19,116.3,113.6,115.0,8050700,Options,Call,NIFTY,19700.0,713650
113.9,2023-10-13 13:01:00,NFO,2023-10-19,114.3,112.55,114.3,8050700,Options,Call,NIFTY,19700.0,333300
116.0,2023-10-13 13:02:00,NFO,2023-10-19,116.7,113.9,114.05,8096150,Options,Call,NIFTY,19700.0,601900
115.6,2023-10-13 13:03:00,NFO,2023-10-19,118.0,115.35,116.2,8096150,Options,Call,NIFTY,19700.0,722150
117.6,2023-10-13 13:04:00,NFO,2023-10-19,117.9,115.3,115.35,8096150,Options,Call,NIFTY,19700.0,506900
118.45,2023-10-13 13:05:00,NFO,2023-10-19,119.95,117.9,117.9,7908100,Options,Call,NIFTY,19700.0,1103100
118.95,2023-10-13 13:06:00,NFO,2023-10-19,120.25,118.0,118.25,7908100,Options,Call,NIFTY,19700.0,747750
119.75,2023-10-13 13:07:00,NFO,2023-10-19,120.55,118.05,118.95,7908100,Options,Call,NIFTY,19700.0,598300
120.0,2023-10-13 13:08:00,NFO,2023-10-19,120.15,118.8,119.65,7787450,Options,Call,NIFTY,19700.0,366550
124.5,2023-10-13 13:09:00,NFO,2023-10-19,126.0,119.7,119.7,7787450,Options,Call,NIFTY,19700.0,1509350
127.55,2023-10-13 13:10:00,NFO,2023-10-19,129.85,124.3,124.6,7787450,Options,Call,NIFTY,19700.0,1478600
126.75,2023-10-13 13:11:00,NFO,2023-10-19,127.95,124.05,127.95,7384200,Options,Call,NIFTY,19700.0,859450
128.0,2023-10-13 13:12:00,NFO,2023-10-19,129.4,125.0,126.7,7384200,Options,Call,NIFTY,19700.0,688850
126.8,2023-10-13 13:13:00,NFO,2023-10-19,128.55,126.55,127.5,7384200,Options,Call,NIFTY,19700.0,465600
127.9,2023-10-13 13:14:00,NFO,2023-10-19,128.8,127.05,127.05,7276550,Options,Call,NIFTY,19700.0,336400
127.8,2023-10-13 13:15:00,NFO,2023-10-19,128.85,126.0,127.9,7276550,Options,Call,NIFTY,19700.0,504350
132.7,2023-10-13 13:16:00,NFO,2023-10-19,134.0,127.5,127.9,7276550,Options,Call,NIFTY,19700.0,1318300
133.7,2023-10-13 13:17:00,NFO,2023-10-19,134.35,131.7,132.6,7065900,Options,Call,NIFTY,19700.0,680850
132.05,2023-10-13 13:18:00,NFO,2023-10-19,133.75,131.15,133.75,7065900,Options,Call,NIFTY,19700.0,423700
134.85,2023-10-13 13:19:00,NFO,2023-10-19,135.7,131.85,132.15,7065900,Options,Call,NIFTY,19700.0,689950
132.7,2023-10-13 13:20:00,NFO,2023-10-19,134.9,132.4,134.65,6991700,Options,Call,NIFTY,19700.0,386650
131.35,2023-10-13 13:21:00,NFO,2023-10-19,132.7,130.2,132.35,6991700,Options,Call,NIFTY,19700.0,562300
125.95,2023-10-13 13:22:00,NFO,2023-10-19,131.7,125.95,131.7,6991700,Options,Call,NIFTY,19700.0,564550
127.25,2023-10-13 13:23:00,NFO,2023-10-19,127.4,124.2,126.5,6868650,Options,Call,NIFTY,19700.0,632550
129.2,2023-10-13 13:24:00,NFO,2023-10-19,129.95,127.05,127.35,6868650,Options,Call,NIFTY,19700.0,422700
127.6,2023-10-13 13:25:00,NFO,2023-10-19,130.45,127.0,129.1,6868650,Options,Call,NIFTY,19700.0,296950
124.8,2023-10-13 13:26:00,NFO,2023-10-19,127.8,124.7,127.7,6881500,Options,Call,NIFTY,19700.0,304500
123.3,2023-10-13 13:27:00,NFO,2023-10-19,125.4,122.4,125.4,6881500,Options,Call,NIFTY,19700.0,406550
122.65,2023-10-13 13:28:00,NFO,2023-10-19,125.35,122.35,123.75,6881500,Options,Call,NIFTY,19700.0,322300
123.9,2023-10-13 13:29:00,NFO,2023-10-19,124.4,121.7,122.9,6892850,Options,Call,NIFTY,19700.0,308300
125.65,2023-10-13 13:30:00,NFO,2023-10-19,126.1,123.0,124.7,6892850,Options,Call,NIFTY,19700.0,384400
128.45,2023-10-13 13:31:00,NFO,2023-10-19,129.15,125.35,126.3,6892850,Options,Call,NIFTY,19700.0,519100
129.95,2023-10-13 13:32:00,NFO,2023-10-19,130.0,127.5,128.75,6933550,Options,Call,NIFTY,19700.0,427600
129.8,2023-10-13 13:33:00,NFO,2023-10-19,130.2,127.45,130.1,6933550,Options,Call,NIFTY,19700.0,546900
133.55,2023-10-13 13:34:00,NFO,2023-10-19,134.0,129.1,129.6,6933550,Options,Call,NIFTY,19700.0,777800
133.0,2023-10-13 13:35:00,NFO,2023-10-19,133.45,131.4,133.2,7001750,Options,Call,NIFTY,19700.0,647650
132.5,2023-10-13 13:36:00,NFO,2023-10-19,134.8,132.3,133.7,7001750,Options,Call,NIFTY,19700.0,486600
130.65,2023-10-13 13:37:00,NFO,2023-10-19,132.9,130.3,132.9,7001750,Options,Call,NIFTY,19700.0,252250
130.45,2023-10-13 13:38:00,NFO,2023-10-19,131.8,129.65,130.65,6830400,Options,Call,NIFTY,19700.0,287350
130.45,2023-10-13 13:39:00,NFO,2023-10-19,130.75,128.25,130.45,6830400,Options,Call,NIFTY,19700.0,202950
128.05,2023-10-13 13:40:00,NFO,2023-10-19,130.5,127.8,130.5,6830400,Options,Call,NIFTY,19700.0,220750
128.45,2023-10-13 13:41:00,NFO,2023-10-19,129.6,128.35,128.4,6772750,Options,Call,NIFTY,19700.0,218100
127.0,2023-10-13 13:42:00,NFO,2023-10-19,128.5,126.9,128.45,6772750,Options,Call,NIFTY,19700.0,181400
128.1,2023-10-13 13:43:00,NFO,2023-10-19,128.4,125.7,126.75,6772750,Options,Call,NIFTY,19700.0,359950
130.3,2023-10-13 13:44:00,NFO,2023-10-19,131.95,128.5,128.5,6702300,Options,Call,NIFTY,19700.0,323200
129.95,2023-10-13 13:45:00,NFO,2023-10-19,132.0,129.95,130.4,6702300,Options,Call,NIFTY,19700.0,288950
128.0,2023-10-13 13:46:00,NFO,2023-10-19,130.25,127.6,130.0,6702300,Options,Call,NIFTY,19700.0,190250
128.15,2023-10-13 13:47:00,NFO,2023-10-19,129.6,127.45,128.0,6719650,Options,Call,NIFTY,19700.0,131200
124.4,2023-10-13 13:48:00,NFO,2023-10-19,128.7,124.4,128.25,6719650,Options,Call,NIFTY,19700.0,259200
126.0,2023-10-13 13:49:00,NFO,2023-10-19,126.4,125.05,125.15,6719650,Options,Call,NIFTY,19700.0,162500
128.8,2023-10-13 13:50:00,NFO,2023-10-19,128.95,126.45,126.45,6681700,Options,Call,NIFTY,19700.0,250150
130.0,2023-10-13 13:51:00,NFO,2023-10-19,132.0,128.7,128.75,6681700,Options,Call,NIFTY,19700.0,475500
132.35,2023-10-13 13:52:00,NFO,2023-10-19,132.95,129.95,130.15,6681700,Options,Call,NIFTY,19700.0,318600
132.2,2023-10-13 13:53:00,NFO,2023-10-19,133.75,131.8,132.7,6643550,Options,Call,NIFTY,19700.0,400950
128.55,2023-10-13 13:54:00,NFO,2023-10-19,132.3,128.55,132.3,6643550,Options,Call,NIFTY,19700.0,269250
130.6,2023-10-13 13:55:00,NFO,2023-10-19,131.25,128.0,128.65,6643550,Options,Call,NIFTY,19700.0,273400
130.95,2023-10-13 13:56:00,NFO,2023-10-19,131.0,129.8,130.55,6575800,Options,Call,NIFTY,19700.0,155900
129.8,2023-10-13 13:57:00,NFO,2023-10-19,131.0,128.25,130.8,6575800,Options,Call,NIFTY,19700.0,127400
131.0,2023-10-13 13:58:00,NFO,2023-10-19,131.5,129.45,129.6,6575800,Options,Call,NIFTY,19700.0,134950
130.25,2023-10-13 13:59:00,NFO,2023-10-19,131.2,129.55,130.95,6576250,Options,Call,NIFTY,19700.0,110600
134.7,2023-10-13 14:00:00,NFO,2023-10-19,134.9,130.4,130.7,6576250,Options,Call,NIFTY,19700.0,529550
131.9,2023-10-13 14:01:00,NFO,2023-10-19,134.7,130.95,134.7,6576250,Options,Call,NIFTY,19700.0,308550
130.7,2023-10-13 14:02:00,NFO,2023-10-19,132.2,130.35,132.0,6515600,Options,Call,NIFTY,19700.0,121200
135.25,2023-10-13 14:03:00,NFO,2023-10-19,135.35,129.0,130.95,6515600,Options,Call,NIFTY,19700.0,448500
136.5,2023-10-13 14:04:00,NFO,2023-10-19,138.0,133.3,135.75,6515600,Options,Call,NIFTY,19700.0,862900
140.05,2023-10-13 14:05:00,NFO,2023-10-19,141.0,136.0,137.0,6357300,Options,Call,NIFTY,19700.0,857050
138.0,2023-10-13 14:06:00,NFO,2023-10-19,140.35,136.75,140.15,6357300,Options,Call,NIFTY,19700.0,428900
135.15,2023-10-13 14:07:00,NFO,2023-10-19,138.0,134.15,137.7,6357300,Options,Call,NIFTY,19700.0,349450
135.6,2023-10-13 14:08:00,NFO,2023-10-19,136.2,134.8,135.75,6324000,Options,Call,NIFTY,19700.0,225950
141.0,2023-10-13 14:09:00,NFO,2023-10-19,141.9,135.5,136.35,6324000,Options,Call,NIFTY,19700.0,776450
139.9,2023-10-13 14:10:00,NFO,2023-10-19,146.5,139.9,141.4,6324000,Options,Call,NIFTY,19700.0,1137900
141.15,2023-10-13 14:11:00,NFO,2023-10-19,141.6,139.8,140.0,5819050,Options,Call,NIFTY,19700.0,374000
144.75,2023-10-13 14:12:00,NFO,2023-10-19,145.05,140.3,141.0,5819050,Options,Call,NIFTY,19700.0,515000
143.7,2023-10-13 14:13:00,NFO,2023-10-19,144.9,141.65,144.8,5819050,Options,Call,NIFTY,19700.0,330000
147.5,2023-10-13 14:14:00,NFO,2023-10-19,147.8,143.35,144.05,5658150,Options,Call,NIFTY,19700.0,354100
153.4,2023-10-13 14:15:00,NFO,2023-10-19,154.9,147.65,148.75,5658150,Options,Call,NIFTY,19700.0,999450
155.05,2023-10-13 14:16:00,NFO,2023-10-19,156.7,151.9,153.7,5658150,Options,Call,NIFTY,19700.0,714000
154.2,2023-10-13 14:17:00,NFO,2023-10-19,155.25,153.0,155.15,5507000,Options,Call,NIFTY,19700.0,369400
163.0,2023-10-13 14:18:00,NFO,2023-10-19,163.35,154.35,155.0,5507000,Options,Call,NIFTY,19700.0,922850
161.85,2023-10-13 14:19:00,NFO,2023-10-19,163.8,158.7,162.9,5507000,Options,Call,NIFTY,19700.0,673350
164.1,2023-10-13 14:20:00,NFO,2023-10-19,166.1,160.35,162.2,5458650,Options,Call,NIFTY,19700.0,630000
166.9,2023-10-13 14:21:00,NFO,2023-10-19,166.9,161.25,164.55,5458650,Options,Call,NIFTY,19700.0,352400
165.9,2023-10-13 14:22:00,NFO,2023-10-19,169.2,164.0,166.6,5458650,Options,Call,NIFTY,19700.0,575800
165.8,2023-10-13 14:23:00,NFO,2023-10-19,167.3,164.3,166.05,5421750,Options,Call,NIFTY,19700.0,211900
164.6,2023-10-13 14:24:00,NFO,2023-10-19,170.9,163.75,165.7,5421750,Options,Call,NIFTY,19700.0,539500
164.7,2023-10-13 14:25:00,NFO,2023-10-19,166.35,160.1,164.75,5421750,Options,Call,NIFTY,19700.0,364100
162.65,2023-10-13 14:26:00,NFO,2023-10-19,165.2,160.0,164.4,5404000,Options,Call,NIFTY,19700.0,239800
163.9,2023-10-13 14:27:00,NFO,2023-10-19,164.9,160.85,163.0,5404000,Options,Call,NIFTY,19700.0,201400
163.4,2023-10-13 14:28:00,NFO,2023-10-19,164.5,162.6,164.5,5404000,Options,Call,NIFTY,19700.0,136650
162.5,2023-10-13 14:29:00,NFO,2023-10-19,163.55,160.85,163.55,5364550,Options,Call,NIFTY,19700.0,243000
162.6,2023-10-13 14:30:00,NFO,2023-10-19,166.0,161.75,162.45,5364550,Options,Call,NIFTY,19700.0,253600
160.0,2023-10-13 14:31:00,NFO,2023-10-19,164.3,159.45,163.9,5364550,Options,Call,NIFTY,19700.0,211300
155.15,2023-10-13 14:32:00,NFO,2023-10-19,161.5,154.45,160.3,5306050,Options,Call,NIFTY,19700.0,291100
151.0,2023-10-13 14:33:00,NFO,2023-10-19,157.4,151.0,155.65,5306050,Options,Call,NIFTY,19700.0,324750
155.25,2023-10-13 14:34:00,NFO,2023-10-19,156.1,152.35,153.0,5306050,Options,Call,NIFTY,19700.0,239950
154.15,2023-10-13 14:35:00,NFO,2023-10-19,156.35,152.7,155.2,5291850,Options,Call,NIFTY,19700.0,124350
152.5,2023-10-13 14:36:00,NFO,2023-10-19,155.2,151.7,154.3,5291850,Options,Call,NIFTY,19700.0,192800
151.45,2023-10-13 14:37:00,NFO,2023-10-19,153.45,148.7,153.0,5291850,Options,Call,NIFTY,19700.0,235700
149.55,2023-10-13 14:38:00,NFO,2023-10-19,153.0,149.55,151.3,5192600,Options,Call,NIFTY,19700.0,205800
151.35,2023-10-13 14:39:00,NFO,2023-10-19,152.1,149.05,149.3,5192600,Options,Call,NIFTY,19700.0,140750
151.55,2023-10-13 14:40:00,NFO,2023-10-19,153.5,147.8,151.4,5192600,Options,Call,NIFTY,19700.0,190950
149.7,2023-10-13 14:41:00,NFO,2023-10-19,152.8,149.3,151.9,5109050,Options,Call,NIFTY,19700.0,181750
147.25,2023-10-13 14:42:00,NFO,2023-10-19,150.35,146.05,149.75,5109050,Options,Call,NIFTY,19700.0,237100
142.2,2023-10-13 14:43:00,NFO,2023-10-19,148.4,141.65,146.65,5109050,Options,Call,NIFTY,19700.0,378350
143.8,2023-10-13 14:44:00,NFO,2023-10-19,146.4,142.3,142.4,5004400,Options,Call,NIFTY,19700.0,224000
140.9,2023-10-13 14:45:00,NFO,2023-10-19,145.0,140.1,143.4,5004400,Options,Call,NIFTY,19700.0,351050
135.95,2023-10-13 14:46:00,NFO,2023-10-19,140.6,134.75,140.6,5004400,Options,Call,NIFTY,19700.0,500150
135.5,2023-10-13 14:47:00,NFO,2023-10-19,139.5,132.8,134.45,4899350,Options,Call,NIFTY,19700.0,361500
137.95,2023-10-13 14:48:00,NFO,2023-10-19,139.1,134.95,135.25,4899350,Options,Call,NIFTY,19700.0,160850
137.75,2023-10-13 14:49:00,NFO,2023-10-19,139.1,136.3,138.15,4899350,Options,Call,NIFTY,19700.0,148850
138.9,2023-10-13 14:50:00,NFO,2023-10-19,139.25,136.2,137.7,4899350,Options,Call,NIFTY,19700.0,137100
138.35,2023-10-13 14:51:00,NFO,2023-10-19,141.3,138.3,139.25,4828350,Options,Call,NIFTY,19700.0,219550
139.9,2023-10-13 14:52:00,NFO,2023-10-19,140.4,138.35,138.4,4828350,Options,Call,NIFTY,19700.0,99500
138.1,2023-10-13 14:53:00,NFO,2023-10-19,140.35,136.85,139.8,4783400,Options,Call,NIFTY,19700.0,125850
137.55,2023-10-13 14:54:00,NFO,2023-10-19,139.6,137.35,138.4,4783400,Options,Call,NIFTY,19700.0,111700
130.25,2023-10-13 14:55:00,NFO,2023-10-19,137.7,128.7,137.65,4783400,Options,Call,NIFTY,19700.0,437900
134.0,2023-10-13 14:56:00,NFO,2023-10-19,134.95,128.85,130.75,4787950,Options,Call,NIFTY,19700.0,344600
133.15,2023-10-13 14:57:00,NFO,2023-10-19,136.3,132.65,135.4,4787950,Options,Call,NIFTY,19700.0,212200
134.6,2023-10-13 14:58:00,NFO,2023-10-19,136.85,132.55,134.0,4787950,Options,Call,NIFTY,19700.0,171150
134.25,2023-10-13 14:59:00,NFO,2023-10-19,135.95,132.45,134.45,4796050,Options,Call,NIFTY,19700.0,151050
133.0,2023-10-13 15:00:00,NFO,2023-10-19,136.0,131.7,134.5,4796050,Options,Call,NIFTY,19700.0,272200
135.55,2023-10-13 15:01:00,NFO,2023-10-19,136.25,129.1,133.5,4796050,Options,Call,NIFTY,19700.0,404100
135.25,2023-10-13 15:02:00,NFO,2023-10-19,136.65,133.8,135.15,4796050,Options,Call,NIFTY,19700.0,172600
134.05,2023-10-13 15:03:00,NFO,2023-10-19,135.45,132.05,135.45,4726550,Options,Call,NIFTY,19700.0,146550
133.95,2023-10-13 15:04:00,NFO,2023-10-19,135.0,131.4,134.0,4726550,Options,Call,NIFTY,19700.0,156900
132.5,2023-10-13 15:05:00,NFO,2023-10-19,134.4,132.15,134.1,4667350,Options,Call,NIFTY,19700.0,102750
128.1,2023-10-13 15:06:00,NFO,2023-10-19,132.65,127.0,132.55,4667350,Options,Call,NIFTY,19700.0,498200
127.55,2023-10-13 15:07:00,NFO,2023-10-19,129.25,124.6,129.25,4667350,Options,Call,NIFTY,19700.0,410400
125.7,2023-10-13 15:08:00,NFO,2023-10-19,128.35,125.7,127.4,4411350,Options,Call,NIFTY,19700.0,233250
125.2,2023-10-13 15:09:00,NFO,2023-10-19,125.8,121.0,125.7,4411350,Options,Call,NIFTY,19700.0,420800
126.45,2023-10-13 15:10:00,NFO,2023-10-19,126.45,124.0,126.0,4411350,Options,Call,NIFTY,19700.0,239250
126.8,2023-10-13 15:11:00,NFO,2023-10-19,129.0,126.2,126.45,4293250,Options,Call,NIFTY,19700.0,254950
122.95,2023-10-13 15:12:00,NFO,2023-10-19,127.05,122.55,126.85,4293250,Options,Call,NIFTY,19700.0,230400
124.8,2023-10-13 15:13:00,NFO,2023-10-19,125.65,123.35,123.75,4293250,Options,Call,NIFTY,19700.0,159550
125.7,2023-10-13 15:14:00,NFO,2023-10-19,127.0,123.6,125.15,4293250,Options,Call,NIFTY,19700.0,243000
124.45,2023-10-13 15:15:00,NFO,2023-10-19,125.75,123.35,125.75,4256550,Options,Call,NIFTY,19700.0,418150
123.2,2023-10-13 15:16:00,NFO,2023-10-19,124.45,122.45,124.4,4256550,Options,Call,NIFTY,19700.0,252700
122.0,2023-10-13 15:17:00,NFO,2023-10-19,123.7,122.0,123.1,4256550,Options,Call,NIFTY,19700.0,213700
121.05,2023-10-13 15:18:00,NFO,2023-10-19,122.2,120.55,121.95,4137400,Options,Call,NIFTY,19700.0,199350
119.85,2023-10-13 15:19:00,NFO,2023-10-19,122.0,119.25,120.75,4137400,Options,Call,NIFTY,19700.0,403800
120.25,2023-10-13 15:20:00,NFO,2023-10-19,122.4,119.25,120.1,4137400,Options,Call,NIFTY,19700.0,275450
118.45,2023-10-13 15:21:00,NFO,2023-10-19,120.05,118.35,119.65,3950250,Options,Call,NIFTY,19700.0,238550
114.5,2023-10-13 15:22:00,NFO,2023-10-19,119.3,114.5,118.4,3950250,Options,Call,NIFTY,19700.0,392750
114.45,2023-10-13 15:23:00,NFO,2023-10-19,114.85,113.15,114.2,3950250,Options,Call,NIFTY,19700.0,407250
116.1,2023-10-13 15:24:00,NFO,2023-10-19,116.5,113.95,114.35,3787050,Options,Call,NIFTY,19700.0,562550
114.8,2023-10-13 15:25:00,NFO,2023-10-19,116.35,114.1,116.3,3787050,Options,Call,NIFTY,19700.0,399800
115.8,2023-10-13 15:26:00,NFO,2023-10-19,115.8,114.65,114.8,3787050,Options,Call,NIFTY,19700.0,144000
113.1,2023-10-13 15:27:00,NFO,2023-10-19,115.95,113.1,115.95,3685950,Options,Call,NIFTY,19700.0,217850
111.7,2023-10-13 15:28:00,NFO,2023-10-19,113.3,111.55,113.3,3685950,Options,Call,NIFTY,19700.0,245500
113.0,2023-10-13 15:29:00,NFO,2023-10-19,113.0,111.0,111.55,3685950,Options,Call,NIFTY,19700.0,274850
