,datetime,close,exchange_code,high,low,open,stock_code,volume
0,2024-02-29 09:07:00,333.3,NSE,333.3,333.3,333.3,NTPC,0
1,2024-02-29 09:15:00,334.0,NSE,334.0,332.85,333.05,NTPC,122169
2,2024-02-29 09:16:00,333.85,NSE,334.65,333.85,334.15,NTPC,124872
3,2024-02-29 09:17:00,334.1,NSE,334.25,333.7,333.8,NTPC,36093
4,2024-02-29 09:18:00,334.6,NSE,334.65,334.2,334.3,NTPC,42992
5,2024-02-29 09:19:00,333.0,NSE,334.35,333.0,334.3,NTPC,94823
6,2024-02-29 09:20:00,331.75,NSE,333.1,331.4,333.0,NTPC,83777
7,2024-02-29 09:21:00,331.05,NSE,332.05,331.0,331.85,NTPC,47804
8,2024-02-29 09:22:00,331.45,NSE,331.6,330.9,331.2,NTPC,66285
9,2024-02-29 09:23:00,331.0,NSE,331.7,330.75,331.45,NTPC,58545
10,2024-02-29 09:24:00,331.35,NSE,331.45,330.8,331.0,NTPC,54351
11,2024-02-29 09:25:00,332.0,NSE,332.0,331.4,331.45,NTPC,29394
12,2024-02-29 09:26:00,333.2,NSE,333.2,331.95,331.95,NTPC,55174
13,2024-02-29 09:27:00,333.7,NSE,333.8,332.9,333.25,NTPC,27810
14,2024-02-29 09:28:00,333.6,NSE,333.8,333.35,333.75,NTPC,22927
15,2024-02-29 09:29:00,333.5,NSE,333.65,333.5,333.65,NTPC,16582
16,2024-02-29 09:30:00,333.7,NSE,333.7,333.3,333.4,NTPC,29775
17,2024-02-29 09:31:00,333.8,NSE,334.0,333.75,333.75,NTPC,33109
18,2024-02-29 09:32:00,334.15,NSE,334.4,333.6,333.85,NTPC,23996
19,2024-02-29 09:33:00,334.15,NSE,334.15,333.75,334.15,NTPC,22112
20,2024-02-29 09:34:00,334.2,NSE,334.2,333.85,334.1,NTPC,24990
21,2024-02-29 09:35:00,334.35,NSE,334.5,333.95,334.2,NTPC,15024
22,2024-02-29 09:36:00,334.0,NSE,334.25,334.0,334.25,NTPC,24906
23,2024-02-29 09:37:00,334.25,NSE,334.25,334.0,334.05,NTPC,19409
24,2024-02-29 09:38:00,334.05,NSE,334.3,334.05,334.3,NTPC,24584
25,2024-02-29 09:39:00,334.15,NSE,334.4,334.05,334.05,NTPC,20484
26,2024-02-29 09:40:00,333.6,NSE,334.2,333.6,334.2,NTPC,19106
27,2024-02-29 09:41:00,332.45,NSE,333.6,332.45,333.6,NTPC,45937
28,2024-02-29 09:42:00,333.1,NSE,333.2,332.55,332.55,NTPC,20244
29,2024-02-29 09:43:00,333.25,NSE,333.5,333.05,333.1,NTPC,37675
30,2024-02-29 09:44:00,332.95,NSE,333.25,332.9,333.25,NTPC,23387
31,2024-02-29 09:45:00,333.4,NSE,333.4,333.15,333.15,NTPC,8654
32,2024-02-29 09:46:00,333.4,NSE,333.4,333.2,333.35,NTPC,7848
33,2024-02-29 09:47:00,333.0,NSE,333.45,333.0,333.35,NTPC,15425
34,2024-02-29 09:48:00,333.15,NSE,333.2,333.0,333.1,NTPC,12061
35,2024-02-29 09:49:00,332.8,NSE,333.15,332.8,333.15,NTPC,28309
36,2024-02-29 09:50:00,332.85,NSE,332.9,332.7,332.8,NTPC,10856
37,2024-02-29 09:51:00,332.9,NSE,332.9,332.6,332.6,NTPC,11467
38,2024-02-29 09:52:00,332.65,NSE,332.8,332.6,332.8,NTPC,6715
39,2024-02-29 09:53:00,332.55,NSE,332.85,332.55,332.6,NTPC,14065
40,2024-02-29 09:54:00,333.25,NSE,333.25,332.75,332.75,NTPC,18022
41,2024-02-29 09:55:00,334.15,NSE,334.15,333.25,333.25,NTPC,39289
42,2024-02-29 09:56:00,334.7,NSE,334.75,334.15,334.2,NTPC,30226
43,2024-02-29 09:57:00,335.0,NSE,335.0,334.5,334.8,NTPC,23568
44,2024-02-29 09:58:00,334.9,NSE,335.1,334.9,335.0,NTPC,36119
45,2024-02-29 09:59:00,335.05,NSE,335.15,334.7,334.9,NTPC,18746
46,2024-02-29 10:00:00,334.85,NSE,335.15,334.75,335.1,NTPC,28494
47,2024-02-29 10:01:00,334.6,NSE,334.95,334.6,334.85,NTPC,16712
48,2024-02-29 10:02:00,334.55,NSE,334.7,334.45,334.6,NTPC,10897
49,2024-02-29 10:03:00,334.5,NSE,334.55,334.35,334.55,NTPC,12410
50,2024-02-29 10:04:00,334.3,NSE,334.4,334.25,334.4,NTPC,9016
51,2024-02-29 10:05:00,334.5,NSE,334.55,334.3,334.3,NTPC,12206
52,2024-02-29 10:06:00,334.1,NSE,334.5,334.05,334.5,NTPC,14654
53,2024-02-29 10:07:00,334.0,NSE,334.2,334.0,334.1,NTPC,10529
54,2024-02-29 10:08:00,333.95,NSE,333.95,333.6,333.95,NTPC,31421
55,2024-02-29 10:09:00,333.55,NSE,334.0,333.5,333.6,NTPC,10973
56,2024-02-29 10:10:00,333.5,NSE,333.65,333.25,333.5,NTPC,18826
57,2024-02-29 10:11:00,333.0,NSE,333.5,333.0,333.45,NTPC,19582
58,2024-02-29 10:12:00,332.85,NSE,333.0,332.75,333.0,NTPC,24222
59,2024-02-29 10:13:00,332.0,NSE,332.9,332.0,332.75,NTPC,48059
60,2024-02-29 10:14:00,332.1,NSE,332.2,331.85,332.2,NTPC,23734
61,2024-02-29 10:15:00,332.5,NSE,332.65,332.15,332.15,NTPC,32091
62,2024-02-29 10:16:00,331.9,NSE,332.55,331.7,332.5,NTPC,45659
63,2024-02-29 10:17:00,332.2,NSE,332.6,332.1,332.1,NTPC,20414
64,2024-02-29 10:18:00,332.15,NSE,332.45,331.85,332.2,NTPC,45800
65,2024-02-29 10:19:00,332.4,NSE,332.4,331.8,332.15,NTPC,37066
66,2024-02-29 10:20:00,331.95,NSE,332.3,331.85,332.15,NTPC,26896
67,2024-02-29 10:21:00,332.45,NSE,332.65,331.8,331.8,NTPC,41622
68,2024-02-29 10:22:00,332.6,NSE,332.7,332.3,332.45,NTPC,18982
69,2024-02-29 10:23:00,332.9,NSE,332.95,332.5,332.6,NTPC,8404
70,2024-02-29 10:24:00,332.3,NSE,332.85,332.3,332.85,NTPC,16876
71,2024-02-29 10:25:00,331.95,NSE,332.2,331.9,332.2,NTPC,36046
72,2024-02-29 10:26:00,331.7,NSE,332.1,331.7,332.0,NTPC,23067
73,2024-02-29 10:27:00,331.7,NSE,331.85,331.65,331.7,NTPC,24581
74,2024-02-29 10:28:00,331.95,NSE,331.95,331.65,331.65,NTPC,16076
75,2024-02-29 10:29:00,332.05,NSE,332.2,331.85,331.95,NTPC,11609
76,2024-02-29 10:30:00,331.75,NSE,332.1,331.7,332.1,NTPC,24052
77,2024-02-29 10:31:00,331.9,NSE,331.95,331.65,331.95,NTPC,17090
78,2024-02-29 10:32:00,332.0,NSE,332.05,331.8,331.9,NTPC,10504
79,2024-02-29 10:33:00,331.65,NSE,332.15,331.65,332.1,NTPC,9975
80,2024-02-29 10:34:00,331.1,NSE,331.75,331.0,331.7,NTPC,52645
81,2024-02-29 10:35:00,331.35,NSE,331.35,330.85,331.1,NTPC,66981
82,2024-02-29 10:36:00,331.25,NSE,331.45,331.0,331.35,NTPC,24584
83,2024-02-29 10:37:00,331.8,NSE,331.95,331.3,331.3,NTPC,31469
84,2024-02-29 10:38:00,331.65,NSE,332.0,331.45,331.95,NTPC,23992
85,2024-02-29 10:39:00,331.4,NSE,331.8,331.4,331.7,NTPC,10772
86,2024-02-29 10:40:00,331.25,NSE,331.5,331.2,331.4,NTPC,15714
87,2024-02-29 10:41:00,331.45,NSE,331.45,331.15,331.25,NTPC,15774
88,2024-02-29 10:42:00,331.65,NSE,331.75,331.3,331.45,NTPC,10693
89,2024-02-29 10:43:00,331.95,NSE,331.95,331.65,331.65,NTPC,28822
90,2024-02-29 10:44:00,331.95,NSE,332.15,331.8,331.95,NTPC,29539
91,2024-02-29 10:45:00,331.35,NSE,332.05,331.25,331.9,NTPC,12772
92,2024-02-29 10:46:00,331.45,NSE,331.55,331.25,331.25,NTPC,10031
93,2024-02-29 10:47:00,331.6,NSE,331.6,331.15,331.35,NTPC,16858
94,2024-02-29 10:48:00,331.8,NSE,331.8,331.5,331.6,NTPC,19017
95,2024-02-29 10:49:00,331.6,NSE,331.8,331.6,331.75,NTPC,12509
96,2024-02-29 10:50:00,331.45,NSE,331.6,331.25,331.6,NTPC,9973
97,2024-02-29 10:51:00,331.35,NSE,331.6,331.3,331.3,NTPC,10665
98,2024-02-29 10:52:00,331.1,NSE,331.35,331.1,331.2,NTPC,15902
99,2024-02-29 10:53:00,331.35,NSE,331.35,330.9,331.1,NTPC,34045
100,2024-02-29 10:54:00,331.15,NSE,331.3,331.1,331.3,NTPC,10648
101,2024-02-29 10:55:00,331.25,NSE,331.35,331.05,331.2,NTPC,18404
102,2024-02-29 10:56:00,330.9,NSE,331.25,330.9,331.15,NTPC,12977
103,2024-02-29 10:57:00,331.7,NSE,331.7,330.95,331.0,NTPC,21637
104,2024-02-29 10:58:00,331.55,NSE,332.1,331.55,331.7,NTPC,18545
105,2024-02-29 10:59:00,331.25,NSE,331.6,331.1,331.55,NTPC,7983
106,2024-02-29 11:00:00,331.3,NSE,331.3,331.15,331.25,NTPC,10599
107,2024-02-29 11:01:00,331.6,NSE,331.75,331.35,331.35,NTPC,7539
108,2024-02-29 11:02:00,331.8,NSE,331.9,331.3,331.6,NTPC,14885
109,2024-02-29 11:03:00,332.4,NSE,332.45,331.8,331.8,NTPC,10286
110,2024-02-29 11:04:00,332.75,NSE,332.8,332.2,332.45,NTPC,20990
111,2024-02-29 11:05:00,332.5,NSE,332.8,332.5,332.75,NTPC,22436
112,2024-02-29 11:06:00,332.3,NSE,332.6,332.3,332.6,NTPC,10429
113,2024-02-29 11:07:00,332.5,NSE,332.55,332.2,332.2,NTPC,15399
114,2024-02-29 11:08:00,332.8,NSE,332.9,332.3,332.5,NTPC,22575
115,2024-02-29 11:09:00,332.85,NSE,332.95,332.8,332.95,NTPC,3012
116,2024-02-29 11:10:00,333.3,NSE,333.4,332.9,332.95,NTPC,15932
117,2024-02-29 11:11:00,333.3,NSE,333.3,333.1,333.1,NTPC,10830
118,2024-02-29 11:12:00,333.5,NSE,333.6,333.45,333.45,NTPC,7417
119,2024-02-29 11:13:00,333.55,NSE,333.55,333.2,333.5,NTPC,14411
120,2024-02-29 11:14:00,333.9,NSE,334.3,333.4,333.45,NTPC,72065
121,2024-02-29 11:15:00,333.8,NSE,334.5,333.7,334.0,NTPC,244932
122,2024-02-29 11:16:00,333.4,NSE,334.0,333.3,333.8,NTPC,25224
123,2024-02-29 11:17:00,333.55,NSE,333.85,333.35,333.5,NTPC,25392
124,2024-02-29 11:18:00,333.45,NSE,333.55,333.35,333.45,NTPC,9411
125,2024-02-29 11:19:00,333.1,NSE,333.5,333.1,333.45,NTPC,31119
126,2024-02-29 11:20:00,333.35,NSE,333.5,333.1,333.15,NTPC,71691
127,2024-02-29 11:21:00,333.4,NSE,333.4,333.1,333.25,NTPC,22365
128,2024-02-29 11:22:00,333.3,NSE,333.4,333.15,333.35,NTPC,10357
129,2024-02-29 11:23:00,333.45,NSE,333.45,333.05,333.15,NTPC,60519
130,2024-02-29 11:24:00,333.5,NSE,333.5,333.4,333.45,NTPC,15944
131,2024-02-29 11:25:00,333.2,NSE,333.5,333.2,333.5,NTPC,19742
132,2024-02-29 11:26:00,333.25,NSE,333.4,333.2,333.2,NTPC,9047
133,2024-02-29 11:27:00,333.1,NSE,333.35,333.1,333.35,NTPC,5624
134,2024-02-29 11:28:00,332.65,NSE,333.05,332.5,333.0,NTPC,38828
135,2024-02-29 11:29:00,332.75,NSE,332.95,332.6,332.7,NTPC,21575
136,2024-02-29 11:30:00,333.1,NSE,333.15,332.75,332.75,NTPC,22273
137,2024-02-29 11:31:00,333.1,NSE,333.15,332.9,333.15,NTPC,5598
138,2024-02-29 11:32:00,333.25,NSE,333.35,333.0,333.1,NTPC,9012
139,2024-02-29 11:33:00,333.0,NSE,333.25,332.95,333.25,NTPC,7064
140,2024-02-29 11:34:00,333.25,NSE,333.3,333.0,333.0,NTPC,16889
141,2024-02-29 11:35:00,333.25,NSE,333.25,333.05,333.05,NTPC,3375
142,2024-02-29 11:36:00,333.0,NSE,333.15,333.0,333.15,NTPC,7416
143,2024-02-29 11:37:00,333.15,NSE,333.15,332.9,333.0,NTPC,10934
144,2024-02-29 11:38:00,333.15,NSE,333.25,333.05,333.25,NTPC,24133
145,2024-02-29 11:39:00,333.05,NSE,333.25,333.0,333.15,NTPC,13588
146,2024-02-29 11:40:00,333.1,NSE,333.1,333.0,333.1,NTPC,7147
147,2024-02-29 11:41:00,333.3,NSE,333.3,333.1,333.2,NTPC,10863
148,2024-02-29 11:42:00,333.25,NSE,333.3,333.15,333.3,NTPC,10473
149,2024-02-29 11:43:00,333.3,NSE,333.3,333.05,333.1,NTPC,11513
150,2024-02-29 11:44:00,333.2,NSE,333.35,333.15,333.25,NTPC,20732
151,2024-02-29 11:45:00,332.9,NSE,333.05,332.8,333.05,NTPC,16825
152,2024-02-29 11:46:00,333.05,NSE,333.05,332.8,332.95,NTPC,11298
153,2024-02-29 11:47:00,333.35,NSE,333.4,333.0,333.05,NTPC,22567
154,2024-02-29 11:48:00,333.4,NSE,333.4,333.3,333.3,NTPC,10784
155,2024-02-29 11:49:00,333.4,NSE,333.5,333.3,333.4,NTPC,26812
156,2024-02-29 11:50:00,333.35,NSE,333.35,333.15,333.35,NTPC,13439
157,2024-02-29 11:51:00,333.15,NSE,333.35,333.05,333.35,NTPC,11497
158,2024-02-29 11:52:00,333.25,NSE,333.25,333.1,333.1,NTPC,8754
159,2024-02-29 11:53:00,333.25,NSE,333.25,333.15,333.15,NTPC,6276
160,2024-02-29 11:54:00,333.15,NSE,333.3,333.15,333.25,NTPC,6860
161,2024-02-29 11:55:00,332.95,NSE,333.25,332.9,333.2,NTPC,13169
162,2024-02-29 11:56:00,333.45,NSE,333.45,332.85,332.85,NTPC,16010
163,2024-02-29 11:57:00,333.5,NSE,333.5,333.4,333.45,NTPC,31269
164,2024-02-29 11:58:00,333.45,NSE,333.5,333.4,333.5,NTPC,15788
165,2024-02-29 11:59:00,333.5,NSE,333.5,333.35,333.45,NTPC,16540
166,2024-02-29 12:00:00,333.5,NSE,333.85,333.5,333.5,NTPC,60618
167,2024-02-29 12:01:00,333.55,NSE,333.6,333.4,333.6,NTPC,10046
168,2024-02-29 12:02:00,333.8,NSE,333.85,333.65,333.7,NTPC,8148
169,2024-02-29 12:03:00,334.0,NSE,334.0,333.85,333.85,NTPC,11939
170,2024-02-29 12:04:00,333.95,NSE,334.0,333.85,333.9,NTPC,5910
171,2024-02-29 12:05:00,334.15,NSE,334.25,333.95,333.95,NTPC,20600
172,2024-02-29 12:06:00,333.9,NSE,334.15,333.8,334.0,NTPC,9986
173,2024-02-29 12:07:00,333.95,NSE,334.0,333.8,333.85,NTPC,12716
174,2024-02-29 12:08:00,333.45,NSE,334.0,333.45,334.0,NTPC,10383
175,2024-02-29 12:09:00,333.5,NSE,333.5,333.35,333.45,NTPC,18471
176,2024-02-29 12:10:00,333.45,NSE,333.6,333.3,333.45,NTPC,10714
177,2024-02-29 12:11:00,333.35,NSE,333.5,333.3,333.3,NTPC,5972
178,2024-02-29 12:12:00,333.55,NSE,333.55,333.3,333.3,NTPC,10994
179,2024-02-29 12:13:00,333.95,NSE,333.95,333.5,333.5,NTPC,7713
180,2024-02-29 12:14:00,333.8,NSE,334.0,333.8,333.95,NTPC,12157
181,2024-02-29 12:15:00,333.75,NSE,333.95,333.7,333.95,NTPC,14916
182,2024-02-29 12:16:00,334.05,NSE,334.05,333.75,333.75,NTPC,21894
183,2024-02-29 12:17:00,334.15,NSE,334.25,334.05,334.05,NTPC,6343
184,2024-02-29 12:18:00,334.25,NSE,334.25,334.15,334.25,NTPC,6173
185,2024-02-29 12:19:00,334.25,NSE,334.35,334.15,334.25,NTPC,6278
186,2024-02-29 12:20:00,334.5,NSE,334.7,334.2,334.25,NTPC,27846
187,2024-02-29 12:21:00,334.6,NSE,335.0,334.55,334.7,NTPC,52308
188,2024-02-29 12:22:00,334.65,NSE,334.75,334.45,334.55,NTPC,19887
189,2024-02-29 12:23:00,334.85,NSE,334.95,334.6,334.65,NTPC,17267
190,2024-02-29 12:24:00,334.6,NSE,334.9,334.6,334.9,NTPC,22954
191,2024-02-29 12:25:00,334.4,NSE,334.65,334.2,334.4,NTPC,17538
192,2024-02-29 12:26:00,334.4,NSE,334.6,334.3,334.3,NTPC,11582
193,2024-02-29 12:27:00,334.5,NSE,334.6,334.25,334.4,NTPC,7133
194,2024-02-29 12:28:00,334.2,NSE,334.55,334.2,334.55,NTPC,12579
195,2024-02-29 12:29:00,334.4,NSE,334.4,334.15,334.15,NTPC,35385
196,2024-02-29 12:30:00,334.3,NSE,334.4,334.0,334.15,NTPC,21802
197,2024-02-29 12:31:00,334.0,NSE,334.3,334.0,334.25,NTPC,14090
198,2024-02-29 12:32:00,334.2,NSE,334.4,334.1,334.15,NTPC,18525
199,2024-02-29 12:33:00,334.3,NSE,334.35,334.15,334.3,NTPC,26203
200,2024-02-29 12:34:00,334.65,NSE,334.8,334.25,334.4,NTPC,64227
201,2024-02-29 12:35:00,334.75,NSE,334.9,334.6,334.8,NTPC,25185
202,2024-02-29 12:36:00,334.85,NSE,334.9,334.6,334.75,NTPC,19632
203,2024-02-29 12:37:00,334.65,NSE,334.8,334.5,334.7,NTPC,19839
204,2024-02-29 12:38:00,334.55,NSE,334.8,334.55,334.65,NTPC,19965
205,2024-02-29 12:39:00,334.85,NSE,334.85,334.65,334.7,NTPC,11283
206,2024-02-29 12:40:00,334.85,NSE,334.95,334.8,334.85,NTPC,12474
207,2024-02-29 12:41:00,334.7,NSE,334.95,334.7,334.95,NTPC,12377
208,2024-02-29 12:42:00,334.75,NSE,334.85,334.65,334.7,NTPC,27221
209,2024-02-29 12:43:00,334.8,NSE,334.8,334.35,334.6,NTPC,16548
210,2024-02-29 12:44:00,334.95,NSE,335.0,334.5,334.65,NTPC,46401
211,2024-02-29 12:45:00,335.0,NSE,335.0,334.8,334.95,NTPC,8164
212,2024-02-29 12:46:00,335.0,NSE,335.0,334.8,334.9,NTPC,19592
213,2024-02-29 12:47:00,335.0,NSE,335.0,334.7,334.8,NTPC,28340
214,2024-02-29 12:48:00,334.9,NSE,335.0,334.65,335.0,NTPC,16162
215,2024-02-29 12:49:00,334.95,NSE,334.95,334.75,334.75,NTPC,10618
216,2024-02-29 12:50:00,334.7,NSE,334.95,334.7,334.95,NTPC,21780
217,2024-02-29 12:51:00,334.7,NSE,334.85,334.55,334.6,NTPC,8800
218,2024-02-29 12:52:00,334.75,NSE,334.75,334.55,334.55,NTPC,14567
219,2024-02-29 12:53:00,334.65,NSE,334.9,334.65,334.65,NTPC,18075
220,2024-02-29 12:54:00,334.65,NSE,334.75,334.5,334.55,NTPC,18153
221,2024-02-29 12:55:00,334.3,NSE,334.65,334.25,334.65,NTPC,17707
222,2024-02-29 12:56:00,334.4,NSE,334.6,334.15,334.15,NTPC,25657
223,2024-02-29 12:57:00,334.6,NSE,334.65,334.35,334.5,NTPC,19338
224,2024-02-29 12:58:00,334.6,NSE,334.75,334.4,334.4,NTPC,7970
225,2024-02-29 12:59:00,334.6,NSE,334.7,334.5,334.65,NTPC,14383
226,2024-02-29 13:00:00,334.8,NSE,334.8,334.6,334.75,NTPC,10323
227,2024-02-29 13:01:00,334.1,NSE,334.75,334.1,334.6,NTPC,12343
228,2024-02-29 13:02:00,334.65,NSE,334.75,334.15,334.15,NTPC,20085
229,2024-02-29 13:03:00,334.55,NSE,334.8,334.3,334.5,NTPC,30632
230,2024-02-29 13:04:00,334.55,NSE,334.75,334.3,334.4,NTPC,9514
231,2024-02-29 13:05:00,334.45,NSE,334.6,334.4,334.55,NTPC,9311
232,2024-02-29 13:06:00,334.3,NSE,334.55,334.3,334.3,NTPC,8038
233,2024-02-29 13:07:00,334.2,NSE,334.4,333.95,333.95,NTPC,33113
234,2024-02-29 13:08:00,334.1,NSE,334.4,334.05,334.2,NTPC,15565
235,2024-02-29 13:09:00,334.45,NSE,334.45,334.05,334.35,NTPC,10058
236,2024-02-29 13:10:00,334.25,NSE,334.55,334.2,334.35,NTPC,25422
237,2024-02-29 13:11:00,334.4,NSE,334.5,334.0,334.2,NTPC,30028
238,2024-02-29 13:12:00,334.65,NSE,334.65,334.05,334.35,NTPC,41349
239,2024-02-29 13:13:00,334.7,NSE,334.85,334.5,334.7,NTPC,15525
240,2024-02-29 13:14:00,334.8,NSE,334.85,334.5,334.7,NTPC,18317
241,2024-02-29 13:15:00,334.95,NSE,334.95,334.45,334.65,NTPC,16004
242,2024-02-29 13:16:00,334.95,NSE,335.0,334.75,334.9,NTPC,24287
243,2024-02-29 13:17:00,334.55,NSE,335.0,334.45,334.95,NTPC,31106
244,2024-02-29 13:18:00,334.6,NSE,334.7,334.35,334.6,NTPC,11723
245,2024-02-29 13:19:00,334.6,NSE,334.75,334.35,334.35,NTPC,21144
246,2024-02-29 13:20:00,334.1,NSE,334.6,334.1,334.45,NTPC,24392
247,2024-02-29 13:21:00,334.1,NSE,334.25,334.05,334.05,NTPC,13615
248,2024-02-29 13:22:00,333.95,NSE,334.3,333.85,334.15,NTPC,56642
249,2024-02-29 13:23:00,334.3,NSE,334.45,333.95,334.05,NTPC,15175
250,2024-02-29 13:24:00,334.15,NSE,334.35,333.9,334.3,NTPC,15604
251,2024-02-29 13:25:00,334.35,NSE,334.35,334.0,334.3,NTPC,18095
252,2024-02-29 13:26:00,334.25,NSE,334.5,334.0,334.4,NTPC,36331
253,2024-02-29 13:27:00,334.5,NSE,334.5,334.1,334.1,NTPC,16664
254,2024-02-29 13:28:00,334.25,NSE,334.6,334.2,334.5,NTPC,18770
255,2024-02-29 13:29:00,334.25,NSE,334.4,334.0,334.3,NTPC,20994
256,2024-02-29 13:30:00,334.3,NSE,334.55,334.15,334.25,NTPC,45213
257,2024-02-29 13:31:00,334.6,NSE,334.75,334.2,334.35,NTPC,33223
258,2024-02-29 13:32:00,334.65,NSE,334.8,334.4,334.5,NTPC,21037
259,2024-02-29 13:33:00,334.45,NSE,334.8,334.4,334.8,NTPC,23310
260,2024-02-29 13:34:00,334.95,NSE,334.95,334.4,334.55,NTPC,20529
261,2024-02-29 13:35:00,334.6,NSE,334.95,334.45,334.8,NTPC,27467
262,2024-02-29 13:36:00,334.1,NSE,334.55,334.1,334.4,NTPC,85923
263,2024-02-29 13:37:00,334.65,NSE,334.65,334.15,334.15,NTPC,11212
264,2024-02-29 13:38:00,334.25,NSE,334.55,334.25,334.5,NTPC,11122
265,2024-02-29 13:39:00,334.25,NSE,334.55,334.2,334.4,NTPC,10173
266,2024-02-29 13:40:00,334.3,NSE,334.35,334.0,334.2,NTPC,16223
267,2024-02-29 13:41:00,334.6,NSE,334.65,334.15,334.15,NTPC,8243
268,2024-02-29 13:42:00,334.55,NSE,334.55,334.35,334.55,NTPC,8997
269,2024-02-29 13:43:00,334.6,NSE,334.6,334.45,334.5,NTPC,12373
270,2024-02-29 13:44:00,334.5,NSE,334.65,334.4,334.45,NTPC,8235
271,2024-02-29 13:45:00,334.35,NSE,334.65,334.3,334.65,NTPC,10480
272,2024-02-29 13:46:00,334.75,NSE,334.75,334.35,334.35,NTPC,10616
273,2024-02-29 13:47:00,334.75,NSE,334.85,334.7,334.75,NTPC,13787
274,2024-02-29 13:48:00,334.75,NSE,334.95,334.7,334.8,NTPC,19175
275,2024-02-29 13:49:00,334.95,NSE,335.0,334.65,334.75,NTPC,21899
276,2024-02-29 13:50:00,334.95,NSE,335.1,334.75,334.95,NTPC,43667
277,2024-02-29 13:51:00,334.75,NSE,334.95,334.7,334.95,NTPC,15729
278,2024-02-29 13:52:00,334.8,NSE,335.0,334.7,334.8,NTPC,10631
279,2024-02-29 13:53:00,334.9,NSE,335.0,334.75,334.95,NTPC,13226
280,2024-02-29 13:54:00,335.1,NSE,335.1,334.75,335.0,NTPC,22899
281,2024-02-29 13:55:00,334.85,NSE,335.1,334.85,335.0,NTPC,14736
282,2024-02-29 13:56:00,335.0,NSE,335.0,334.8,335.0,NTPC,12790
283,2024-02-29 13:57:00,334.8,NSE,334.95,334.7,334.9,NTPC,9070
284,2024-02-29 13:58:00,334.8,NSE,334.9,334.7,334.75,NTPC,10500
285,2024-02-29 13:59:00,334.65,NSE,335.0,334.6,334.75,NTPC,56661
286,2024-02-29 14:00:00,334.6,NSE,334.8,334.5,334.6,NTPC,15223
287,2024-02-29 14:01:00,334.5,NSE,334.6,334.3,334.6,NTPC,18656
288,2024-02-29 14:02:00,334.6,NSE,334.6,334.5,334.5,NTPC,7215
289,2024-02-29 14:03:00,334.5,NSE,334.6,334.4,334.5,NTPC,11174
290,2024-02-29 14:04:00,334.75,NSE,334.85,334.45,334.5,NTPC,17452
291,2024-02-29 14:05:00,334.95,NSE,334.95,334.7,334.85,NTPC,15982
292,2024-02-29 14:06:00,334.65,NSE,334.95,334.5,334.75,NTPC,23444
293,2024-02-29 14:07:00,334.8,NSE,334.8,334.55,334.65,NTPC,15094
294,2024-02-29 14:08:00,334.6,NSE,334.8,334.5,334.8,NTPC,16910
295,2024-02-29 14:09:00,334.4,NSE,334.7,334.35,334.65,NTPC,11637
296,2024-02-29 14:10:00,334.4,NSE,334.4,334.25,334.3,NTPC,10927
297,2024-02-29 14:11:00,334.3,NSE,334.5,334.3,334.4,NTPC,12536
298,2024-02-29 14:12:00,334.4,NSE,334.45,334.25,334.45,NTPC,10820
299,2024-02-29 14:13:00,334.25,NSE,334.4,334.25,334.4,NTPC,20283
300,2024-02-29 14:14:00,334.8,NSE,334.8,334.25,334.25,NTPC,28898
301,2024-02-29 14:15:00,334.6,NSE,334.8,334.45,334.55,NTPC,33237
302,2024-02-29 14:16:00,334.65,NSE,334.8,334.4,334.7,NTPC,19031
303,2024-02-29 14:17:00,334.7,NSE,334.7,334.4,334.4,NTPC,19410
304,2024-02-29 14:18:00,334.6,NSE,334.75,334.6,334.7,NTPC,8731
305,2024-02-29 14:19:00,334.55,NSE,334.75,334.55,334.75,NTPC,10918
306,2024-02-29 14:20:00,334.15,NSE,334.6,334.15,334.55,NTPC,14786
307,2024-02-29 14:21:00,334.25,NSE,334.35,334.2,334.25,NTPC,9517
308,2024-02-29 14:22:00,334.5,NSE,334.5,334.3,334.35,NTPC,17839
309,2024-02-29 14:23:00,334.6,NSE,334.65,334.4,334.55,NTPC,17050
310,2024-02-29 14:24:00,334.7,NSE,334.7,334.4,334.4,NTPC,7418
311,2024-02-29 14:25:00,334.55,NSE,334.7,334.5,334.7,NTPC,6681
312,2024-02-29 14:26:00,334.55,NSE,334.65,334.5,334.55,NTPC,6825
313,2024-02-29 14:27:00,334.5,NSE,334.65,334.5,334.6,NTPC,10724
314,2024-02-29 14:28:00,334.2,NSE,334.55,334.1,334.5,NTPC,14490
315,2024-02-29 14:29:00,334.3,NSE,334.55,334.3,334.3,NTPC,12151
316,2024-02-29 14:30:00,334.1,NSE,334.35,334.0,334.3,NTPC,65223
317,2024-02-29 14:31:00,333.95,NSE,334.1,333.85,334.1,NTPC,32042
318,2024-02-29 14:32:00,333.7,NSE,333.95,333.25,333.85,NTPC,60859
319,2024-02-29 14:33:00,334.0,NSE,334.2,333.7,333.85,NTPC,21715
320,2024-02-29 14:34:00,334.8,NSE,334.8,334.0,334.0,NTPC,27711
321,2024-02-29 14:35:00,334.6,NSE,335.15,334.6,334.7,NTPC,83689
322,2024-02-29 14:36:00,334.7,NSE,334.75,334.55,334.6,NTPC,28344
323,2024-02-29 14:37:00,334.5,NSE,334.95,334.5,334.75,NTPC,25641
324,2024-02-29 14:38:00,334.75,NSE,334.85,334.4,334.45,NTPC,20442
325,2024-02-29 14:39:00,334.9,NSE,334.95,334.55,334.7,NTPC,17164
326,2024-02-29 14:40:00,335.1,NSE,335.1,334.85,334.9,NTPC,26337
327,2024-02-29 14:41:00,335.3,NSE,335.35,335.05,335.05,NTPC,47336
328,2024-02-29 14:42:00,335.55,NSE,335.6,335.2,335.4,NTPC,31065
329,2024-02-29 14:43:00,335.4,NSE,335.8,335.4,335.6,NTPC,99872
330,2024-02-29 14:44:00,335.35,NSE,335.6,335.1,335.5,NTPC,22516
331,2024-02-29 14:45:00,335.45,NSE,335.7,335.3,335.5,NTPC,44547
332,2024-02-29 14:46:00,335.6,NSE,335.6,335.3,335.45,NTPC,20452
333,2024-02-29 14:47:00,335.5,NSE,335.6,335.4,335.5,NTPC,20171
334,2024-02-29 14:48:00,335.45,NSE,335.5,335.3,335.4,NTPC,15127
335,2024-02-29 14:49:00,335.75,NSE,335.75,335.5,335.5,NTPC,78393
336,2024-02-29 14:50:00,335.5,NSE,335.75,335.45,335.7,NTPC,114000
337,2024-02-29 14:51:00,335.5,NSE,335.7,335.35,335.5,NTPC,62019
338,2024-02-29 14:52:00,335.5,NSE,335.55,335.35,335.55,NTPC,22741
339,2024-02-29 14:53:00,335.5,NSE,335.6,335.45,335.45,NTPC,20757
340,2024-02-29 14:54:00,335.55,NSE,335.75,335.55,335.55,NTPC,33099
341,2024-02-29 14:55:00,335.45,NSE,335.8,335.2,335.5,NTPC,35990
342,2024-02-29 14:56:00,335.25,NSE,335.55,335.1,335.55,NTPC,19646
343,2024-02-29 14:57:00,335.15,NSE,335.35,335.1,335.25,NTPC,31535
344,2024-02-29 14:58:00,335.1,NSE,335.35,335.1,335.15,NTPC,22480
345,2024-02-29 14:59:00,334.9,NSE,335.05,334.55,335.05,NTPC,34388
346,2024-02-29 15:00:00,334.65,NSE,335.35,334.5,335.05,NTPC,375519
347,2024-02-29 15:01:00,335.55,NSE,335.7,334.65,334.65,NTPC,114645
348,2024-02-29 15:02:00,335.15,NSE,335.6,335.0,335.55,NTPC,201170
349,2024-02-29 15:03:00,335.55,NSE,335.6,335.3,335.4,NTPC,212876
350,2024-02-29 15:04:00,335.6,NSE,335.75,335.55,335.6,NTPC,146343
351,2024-02-29 15:05:00,335.25,NSE,335.65,335.1,335.65,NTPC,140694
352,2024-02-29 15:06:00,335.35,NSE,335.4,335.3,335.3,NTPC,148991
353,2024-02-29 15:07:00,335.45,NSE,335.45,335.3,335.4,NTPC,224105
354,2024-02-29 15:08:00,334.95,NSE,335.5,334.95,335.45,NTPC,235882
355,2024-02-29 15:09:00,335.1,NSE,335.15,335.05,335.1,NTPC,149121
356,2024-02-29 15:10:00,335.6,NSE,335.6,335.2,335.2,NTPC,131150
357,2024-02-29 15:11:00,335.85,NSE,335.9,335.7,335.7,NTPC,139820
358,2024-02-29 15:12:00,335.9,NSE,335.95,335.85,335.9,NTPC,138139
359,2024-02-29 15:13:00,335.95,NSE,335.95,335.85,335.85,NTPC,177936
360,2024-02-29 15:14:00,335.85,NSE,335.9,335.8,335.9,NTPC,113407
361,2024-02-29 15:15:00,335.85,NSE,335.9,335.8,335.8,NTPC,248641
362,2024-02-29 15:16:00,335.9,NSE,335.95,335.85,335.9,NTPC,140295
363,2024-02-29 15:17:00,335.95,NSE,335.95,335.9,335.95,NTPC,168507
364,2024-02-29 15:18:00,335.85,NSE,335.95,335.85,335.95,NTPC,212500
365,2024-02-29 15:19:00,335.8,NSE,335.9,335.75,335.85,NTPC,183458
366,2024-02-29 15:20:00,335.7,NSE,335.8,335.7,335.75,NTPC,134053
367,2024-02-29 15:21:00,335.65,NSE,335.7,335.65,335.7,NTPC,155331
368,2024-02-29 15:22:00,335.6,NSE,335.65,335.6,335.65,NTPC,99047
369,2024-02-29 15:23:00,335.55,NSE,335.65,335.55,335.65,NTPC,177208
370,2024-02-29 15:24:00,335.6,NSE,335.65,335.55,335.6,NTPC,173050
371,2024-02-29 15:25:00,336.0,NSE,336.0,335.55,335.6,NTPC,169442
372,2024-02-29 15:26:00,335.85,NSE,336.0,335.85,335.95,NTPC,131798
373,2024-02-29 15:27:00,335.7,NSE,335.9,335.65,335.9,NTPC,201300
374,2024-02-29 15:28:00,335.7,NSE,335.7,335.45,335.6,NTPC,106568
375,2024-02-29 15:29:00,335.55,NSE,336.0,335.5,335.7,NTPC,17526
