,datetime,close,exchange_code,high,low,open,stock_code,volume
0,2020-09-14 09:15:00,287.4,NSE,288.0,286.0,287.1,JSWSTE,68709
1,2020-09-14 09:16:00,288.75,NSE,289.1,287.25,287.6,JSWSTE,43947
2,2020-09-14 09:17:00,288.15,NSE,289.1,288.15,288.85,JSWSTE,50120
3,2020-09-14 09:18:00,288.55,NSE,288.8,287.95,288.05,JSWSTE,20679
4,2020-09-14 09:19:00,288.85,NSE,288.9,288.3,288.55,JSWSTE,13584
5,2020-09-14 09:20:00,288.6,NSE,289.4,288.6,289.0,JSWSTE,45603
6,2020-09-14 09:21:00,288.05,NSE,288.7,288.05,288.5,JSWSTE,24387
7,2020-09-14 09:22:00,289.1,NSE,289.2,288.05,288.2,JSWSTE,26560
8,2020-09-14 09:23:00,289.8,NSE,290.2,289.25,289.25,JSWSTE,57866
9,2020-09-14 09:24:00,290.0,NSE,290.05,289.75,289.8,JSWSTE,40451
10,2020-09-14 09:25:00,290.0,NSE,290.2,289.5,289.9,JSWSTE,52242
11,2020-09-14 09:26:00,289.95,NSE,290.8,289.7,289.95,JSWSTE,63235
12,2020-09-14 09:27:00,289.35,NSE,289.95,289.35,289.8,JSWSTE,19555
13,2020-09-14 09:28:00,289.2,NSE,289.4,289.0,289.4,JSWSTE,25596
14,2020-09-14 09:29:00,289.15,NSE,289.45,289.05,289.2,JSWSTE,14891
15,2020-09-14 09:30:00,288.85,NSE,289.2,288.8,288.9,JSWSTE,39714
16,2020-09-14 09:31:00,289.15,NSE,289.15,288.7,289.05,JSWSTE,11672
17,2020-09-14 09:32:00,288.85,NSE,289.15,288.8,289.0,JSWSTE,11922
18,2020-09-14 09:33:00,288.65,NSE,289.05,288.65,288.8,JSWSTE,21596
19,2020-09-14 09:34:00,288.75,NSE,289.0,288.25,288.5,JSWSTE,24367
20,2020-09-14 09:35:00,288.05,NSE,288.9,288.0,288.9,JSWSTE,48667
21,2020-09-14 09:36:00,287.95,NSE,288.15,287.75,288.1,JSWSTE,26293
22,2020-09-14 09:37:00,287.85,NSE,288.15,287.85,288.0,JSWSTE,23023
23,2020-09-14 09:38:00,288.15,NSE,288.35,287.65,287.8,JSWSTE,24063
24,2020-09-14 09:39:00,289.0,NSE,289.0,288.25,288.25,JSWSTE,15199
25,2020-09-14 09:40:00,288.55,NSE,289.2,288.55,288.85,JSWSTE,15190
26,2020-09-14 09:41:00,288.85,NSE,289.0,288.55,288.6,JSWSTE,10790
27,2020-09-14 09:42:00,288.7,NSE,288.95,288.65,288.75,JSWSTE,15447
28,2020-09-14 09:43:00,288.9,NSE,289.0,288.7,288.95,JSWSTE,10805
29,2020-09-14 09:44:00,288.7,NSE,288.95,288.7,288.8,JSWSTE,6934
30,2020-09-14 09:45:00,288.4,NSE,289.0,288.4,288.75,JSWSTE,18590
31,2020-09-14 09:46:00,287.85,NSE,288.35,287.85,288.15,JSWSTE,25470
32,2020-09-14 09:47:00,287.85,NSE,288.4,287.7,288.25,JSWSTE,30457
33,2020-09-14 09:48:00,287.5,NSE,288.0,287.5,287.7,JSWSTE,18123
34,2020-09-14 09:49:00,287.85,NSE,287.95,287.5,287.65,JSWSTE,13876
35,2020-09-14 09:50:00,287.3,NSE,287.85,287.3,287.85,JSWSTE,9666
36,2020-09-14 09:51:00,287.75,NSE,287.75,287.0,287.1,JSWSTE,27228
37,2020-09-14 09:52:00,287.65,NSE,287.8,287.5,287.55,JSWSTE,12644
38,2020-09-14 09:53:00,287.65,NSE,287.85,287.6,287.6,JSWSTE,7171
39,2020-09-14 09:54:00,287.7,NSE,287.85,287.5,287.5,JSWSTE,11747
40,2020-09-14 09:55:00,287.4,NSE,287.85,287.3,287.85,JSWSTE,11799
41,2020-09-14 09:56:00,287.2,NSE,287.5,287.05,287.3,JSWSTE,16352
42,2020-09-14 09:57:00,286.85,NSE,287.3,286.85,287.15,JSWSTE,18625
43,2020-09-14 09:58:00,286.9,NSE,287.0,286.8,286.9,JSWSTE,9337
44,2020-09-14 09:59:00,287.1,NSE,287.25,286.9,286.9,JSWSTE,10633
45,2020-09-14 10:00:00,286.85,NSE,287.25,286.8,287.1,JSWSTE,24113
46,2020-09-14 10:01:00,287.8,NSE,287.8,286.5,286.5,JSWSTE,17377
47,2020-09-14 10:02:00,288.15,NSE,288.3,287.6,287.6,JSWSTE,15447
48,2020-09-14 10:03:00,287.9,NSE,288.15,287.85,288.1,JSWSTE,13910
49,2020-09-14 10:04:00,288.15,NSE,288.5,287.85,287.85,JSWSTE,10685
50,2020-09-14 10:05:00,288.35,NSE,288.6,288.25,288.25,JSWSTE,11059
51,2020-09-14 10:06:00,288.45,NSE,288.5,288.1,288.35,JSWSTE,8905
52,2020-09-14 10:07:00,288.5,NSE,288.5,288.1,288.5,JSWSTE,6536
53,2020-09-14 10:08:00,288.35,NSE,288.5,288.1,288.5,JSWSTE,5543
54,2020-09-14 10:09:00,288.3,NSE,288.35,288.2,288.25,JSWSTE,2710
55,2020-09-14 10:10:00,288.0,NSE,288.45,287.8,288.3,JSWSTE,12046
56,2020-09-14 10:11:00,287.65,NSE,287.95,287.5,287.95,JSWSTE,7182
57,2020-09-14 10:12:00,287.5,NSE,287.7,287.5,287.65,JSWSTE,5167
58,2020-09-14 10:13:00,287.55,NSE,287.65,287.3,287.65,JSWSTE,15359
59,2020-09-14 10:14:00,287.4,NSE,287.6,287.4,287.55,JSWSTE,2035
60,2020-09-14 10:15:00,287.4,NSE,287.6,287.4,287.45,JSWSTE,2020
61,2020-09-14 10:16:00,287.35,NSE,287.5,287.25,287.35,JSWSTE,5122
62,2020-09-14 10:17:00,287.95,NSE,288.0,287.35,287.35,JSWSTE,13525
63,2020-09-14 10:18:00,287.9,NSE,288.3,287.85,288.0,JSWSTE,7189
64,2020-09-14 10:19:00,287.9,NSE,288.0,287.65,287.8,JSWSTE,5959
65,2020-09-14 10:20:00,287.7,NSE,288.0,287.7,288.0,JSWSTE,2686
66,2020-09-14 10:21:00,287.5,NSE,287.8,287.45,287.8,JSWSTE,15028
67,2020-09-14 10:22:00,287.35,NSE,288.0,287.35,287.5,JSWSTE,10403
68,2020-09-14 10:23:00,288.0,NSE,288.0,287.4,287.4,JSWSTE,30756
69,2020-09-14 10:24:00,288.0,NSE,288.3,287.65,288.05,JSWSTE,8599
70,2020-09-14 10:25:00,288.0,NSE,288.3,287.95,288.0,JSWSTE,12539
71,2020-09-14 10:26:00,288.0,NSE,288.15,287.9,288.1,JSWSTE,13366
72,2020-09-14 10:27:00,287.9,NSE,288.1,287.9,288.0,JSWSTE,1660
73,2020-09-14 10:28:00,287.8,NSE,288.0,287.8,287.8,JSWSTE,3962
74,2020-09-14 10:29:00,287.75,NSE,288.0,287.55,287.8,JSWSTE,7895
75,2020-09-14 10:30:00,287.6,NSE,287.85,287.55,287.65,JSWSTE,3009
76,2020-09-14 10:31:00,287.7,NSE,287.85,287.55,287.55,JSWSTE,1999
77,2020-09-14 10:32:00,287.8,NSE,287.85,287.65,287.7,JSWSTE,3853
78,2020-09-14 10:33:00,287.8,NSE,287.8,287.6,287.8,JSWSTE,2615
79,2020-09-14 10:34:00,287.95,NSE,287.95,287.7,287.75,JSWSTE,3494
80,2020-09-14 10:35:00,287.85,NSE,288.0,287.8,287.95,JSWSTE,7779
81,2020-09-14 10:36:00,287.65,NSE,287.95,287.65,287.85,JSWSTE,9615
82,2020-09-14 10:37:00,287.8,NSE,287.8,287.6,287.65,JSWSTE,4999
83,2020-09-14 10:38:00,287.65,NSE,288.0,287.65,287.65,JSWSTE,4386
84,2020-09-14 10:39:00,287.85,NSE,287.85,287.7,287.7,JSWSTE,3652
85,2020-09-14 10:40:00,287.5,NSE,287.85,287.5,287.85,JSWSTE,5272
86,2020-09-14 10:41:00,287.65,NSE,287.7,287.5,287.65,JSWSTE,1756
87,2020-09-14 10:42:00,287.5,NSE,287.7,287.5,287.65,JSWSTE,3927
88,2020-09-14 10:43:00,287.85,NSE,287.95,287.5,287.5,JSWSTE,30173
89,2020-09-14 10:44:00,287.6,NSE,287.8,287.5,287.8,JSWSTE,6184
90,2020-09-14 10:45:00,287.95,NSE,288.05,287.65,287.7,JSWSTE,37546
91,2020-09-14 10:46:00,287.85,NSE,288.0,287.75,287.95,JSWSTE,7863
92,2020-09-14 10:47:00,288.3,NSE,288.3,287.9,288.0,JSWSTE,29620
93,2020-09-14 10:48:00,288.35,NSE,288.4,288.2,288.3,JSWSTE,9741
94,2020-09-14 10:49:00,288.25,NSE,288.4,288.1,288.35,JSWSTE,4561
95,2020-09-14 10:50:00,288.0,NSE,288.3,288.0,288.2,JSWSTE,4992
96,2020-09-14 10:51:00,287.95,NSE,288.0,287.8,288.0,JSWSTE,3341
97,2020-09-14 10:52:00,287.95,NSE,288.0,287.7,287.95,JSWSTE,4414
98,2020-09-14 10:53:00,287.75,NSE,288.0,287.75,288.0,JSWSTE,1712
99,2020-09-14 10:54:00,287.95,NSE,287.95,287.65,287.7,JSWSTE,2775
100,2020-09-14 10:55:00,287.65,NSE,287.95,287.55,287.95,JSWSTE,8633
101,2020-09-14 10:56:00,287.6,NSE,287.65,287.5,287.65,JSWSTE,2849
102,2020-09-14 10:57:00,287.55,NSE,287.65,287.5,287.5,JSWSTE,4825
103,2020-09-14 10:58:00,287.05,NSE,287.5,287.05,287.5,JSWSTE,16147
104,2020-09-14 10:59:00,287.15,NSE,287.3,287.0,287.05,JSWSTE,6973
105,2020-09-14 11:00:00,287.0,NSE,287.2,286.8,287.2,JSWSTE,16191
106,2020-09-14 11:01:00,287.5,NSE,287.5,287.1,287.1,JSWSTE,4403
107,2020-09-14 11:02:00,287.5,NSE,287.8,287.35,287.45,JSWSTE,4966
108,2020-09-14 11:03:00,287.8,NSE,287.85,287.4,287.6,JSWSTE,4411
109,2020-09-14 11:04:00,287.6,NSE,287.8,287.6,287.8,JSWSTE,413
110,2020-09-14 11:05:00,287.45,NSE,287.65,287.45,287.5,JSWSTE,1427
111,2020-09-14 11:06:00,287.35,NSE,287.5,287.25,287.4,JSWSTE,6072
112,2020-09-14 11:07:00,287.1,NSE,287.35,286.9,287.2,JSWSTE,19642
113,2020-09-14 11:08:00,287.1,NSE,287.25,287.1,287.2,JSWSTE,1646
114,2020-09-14 11:09:00,287.05,NSE,287.2,287.05,287.2,JSWSTE,5414
115,2020-09-14 11:10:00,286.6,NSE,287.05,286.55,287.05,JSWSTE,11518
116,2020-09-14 11:11:00,286.5,NSE,286.8,286.35,286.65,JSWSTE,25182
117,2020-09-14 11:12:00,286.6,NSE,286.85,286.2,286.5,JSWSTE,27389
118,2020-09-14 11:13:00,286.4,NSE,286.5,286.2,286.4,JSWSTE,20411
119,2020-09-14 11:14:00,286.3,NSE,286.55,286.25,286.25,JSWSTE,7626
120,2020-09-14 11:15:00,286.55,NSE,286.7,286.3,286.35,JSWSTE,15241
121,2020-09-14 11:16:00,286.3,NSE,286.6,286.3,286.45,JSWSTE,6917
122,2020-09-14 11:17:00,286.5,NSE,286.7,286.3,286.3,JSWSTE,20978
123,2020-09-14 11:18:00,286.4,NSE,286.45,286.3,286.45,JSWSTE,3744
124,2020-09-14 11:19:00,285.9,NSE,286.45,285.6,286.4,JSWSTE,69877
125,2020-09-14 11:20:00,285.95,NSE,286.0,285.7,285.95,JSWSTE,15026
126,2020-09-14 11:21:00,285.8,NSE,286.2,285.75,285.9,JSWSTE,13001
127,2020-09-14 11:22:00,285.9,NSE,286.1,285.7,285.9,JSWSTE,14079
128,2020-09-14 11:23:00,286.1,NSE,286.15,285.8,285.9,JSWSTE,14431
129,2020-09-14 11:24:00,286.1,NSE,286.2,285.85,286.1,JSWSTE,9758
130,2020-09-14 11:25:00,286.5,NSE,286.5,286.1,286.1,JSWSTE,11343
131,2020-09-14 11:26:00,286.3,NSE,286.45,286.25,286.3,JSWSTE,5397
132,2020-09-14 11:27:00,286.8,NSE,286.95,286.2,286.3,JSWSTE,15572
133,2020-09-14 11:28:00,286.2,NSE,286.8,286.15,286.65,JSWSTE,34374
134,2020-09-14 11:29:00,286.55,NSE,286.55,286.2,286.2,JSWSTE,8404
135,2020-09-14 11:30:00,286.45,NSE,286.7,286.4,286.4,JSWSTE,2960
136,2020-09-14 11:31:00,286.9,NSE,287.0,286.45,286.45,JSWSTE,8287
137,2020-09-14 11:32:00,286.9,NSE,287.0,286.6,286.6,JSWSTE,10988
138,2020-09-14 11:33:00,286.75,NSE,287.05,286.7,286.9,JSWSTE,4322
139,2020-09-14 11:34:00,286.75,NSE,286.95,286.75,286.9,JSWSTE,2110
140,2020-09-14 11:35:00,286.95,NSE,286.95,286.8,286.9,JSWSTE,4021
141,2020-09-14 11:36:00,286.7,NSE,286.9,286.6,286.85,JSWSTE,2442
142,2020-09-14 11:37:00,287.35,NSE,287.4,286.7,286.85,JSWSTE,13341
143,2020-09-14 11:38:00,287.4,NSE,287.4,287.2,287.35,JSWSTE,8985
144,2020-09-14 11:39:00,287.85,NSE,287.85,287.3,287.4,JSWSTE,11304
145,2020-09-14 11:40:00,287.9,NSE,288.0,287.6,287.85,JSWSTE,28378
146,2020-09-14 11:41:00,287.85,NSE,287.95,287.7,287.9,JSWSTE,6459
147,2020-09-14 11:42:00,288.2,NSE,288.2,287.8,287.8,JSWSTE,59443
148,2020-09-14 11:43:00,288.2,NSE,288.3,288.1,288.15,JSWSTE,9867
149,2020-09-14 11:44:00,288.0,NSE,288.2,287.9,288.2,JSWSTE,5728
150,2020-09-14 11:45:00,287.85,NSE,288.1,287.85,288.0,JSWSTE,8434
151,2020-09-14 11:46:00,287.9,NSE,288.0,287.75,287.8,JSWSTE,3734
152,2020-09-14 11:47:00,287.9,NSE,287.9,287.8,287.9,JSWSTE,3614
153,2020-09-14 11:48:00,288.45,NSE,288.45,287.85,287.9,JSWSTE,23030
154,2020-09-14 11:49:00,288.35,NSE,288.65,288.25,288.6,JSWSTE,19073
155,2020-09-14 11:50:00,288.5,NSE,288.5,288.3,288.45,JSWSTE,7375
156,2020-09-14 11:51:00,288.55,NSE,288.6,288.5,288.5,JSWSTE,13412
157,2020-09-14 11:52:00,288.6,NSE,288.7,288.55,288.6,JSWSTE,5610
158,2020-09-14 11:53:00,288.85,NSE,288.95,288.55,288.55,JSWSTE,14563
159,2020-09-14 11:54:00,288.45,NSE,288.9,288.4,288.9,JSWSTE,63427
160,2020-09-14 11:55:00,288.6,NSE,288.75,288.45,288.45,JSWSTE,21192
161,2020-09-14 11:56:00,289.1,NSE,289.15,288.55,288.55,JSWSTE,30623
162,2020-09-14 11:57:00,289.4,NSE,289.4,289.05,289.05,JSWSTE,20964
163,2020-09-14 11:58:00,289.45,NSE,289.5,289.25,289.4,JSWSTE,21807
164,2020-09-14 11:59:00,289.9,NSE,289.9,289.4,289.4,JSWSTE,15885
165,2020-09-14 12:00:00,289.5,NSE,289.9,289.35,289.9,JSWSTE,17256
166,2020-09-14 12:01:00,289.15,NSE,289.5,289.1,289.4,JSWSTE,11465
167,2020-09-14 12:02:00,289.15,NSE,289.4,289.0,289.05,JSWSTE,18813
168,2020-09-14 12:03:00,289.15,NSE,289.3,289.05,289.2,JSWSTE,7074
169,2020-09-14 12:04:00,288.55,NSE,289.15,288.55,289.15,JSWSTE,21200
170,2020-09-14 12:05:00,288.6,NSE,288.65,288.5,288.5,JSWSTE,6627
171,2020-09-14 12:06:00,288.7,NSE,288.75,288.6,288.6,JSWSTE,5897
172,2020-09-14 12:07:00,288.6,NSE,288.7,288.6,288.65,JSWSTE,3984
173,2020-09-14 12:08:00,288.85,NSE,288.9,288.6,288.7,JSWSTE,2443
174,2020-09-14 12:09:00,288.95,NSE,289.0,288.8,288.85,JSWSTE,6267
175,2020-09-14 12:10:00,288.7,NSE,288.95,288.7,288.85,JSWSTE,3429
176,2020-09-14 12:11:00,288.6,NSE,288.85,288.5,288.7,JSWSTE,13757
177,2020-09-14 12:12:00,288.7,NSE,288.7,288.6,288.7,JSWSTE,989
178,2020-09-14 12:13:00,288.45,NSE,288.85,288.4,288.7,JSWSTE,56933
179,2020-09-14 12:14:00,288.5,NSE,288.6,288.4,288.4,JSWSTE,20507
180,2020-09-14 12:15:00,288.5,NSE,288.65,288.5,288.6,JSWSTE,5670
181,2020-09-14 12:16:00,288.55,NSE,288.6,288.5,288.5,JSWSTE,4276
182,2020-09-14 12:17:00,288.6,NSE,288.6,288.5,288.55,JSWSTE,1042
183,2020-09-14 12:18:00,288.65,NSE,288.65,288.55,288.6,JSWSTE,1131
184,2020-09-14 12:19:00,288.6,NSE,288.65,288.5,288.5,JSWSTE,3672
185,2020-09-14 12:20:00,288.85,NSE,289.0,288.5,288.5,JSWSTE,9633
186,2020-09-14 12:21:00,288.9,NSE,289.0,288.8,288.95,JSWSTE,11837
187,2020-09-14 12:22:00,288.85,NSE,289.0,288.75,288.9,JSWSTE,1695
188,2020-09-14 12:23:00,288.7,NSE,288.95,288.7,288.9,JSWSTE,1902
189,2020-09-14 12:24:00,288.55,NSE,288.8,288.5,288.8,JSWSTE,2170
190,2020-09-14 12:25:00,288.6,NSE,288.8,288.5,288.7,JSWSTE,5160
191,2020-09-14 12:26:00,288.65,NSE,288.65,288.5,288.5,JSWSTE,2354
192,2020-09-14 12:27:00,288.5,NSE,288.9,288.45,288.65,JSWSTE,41741
193,2020-09-14 12:28:00,288.1,NSE,288.5,288.1,288.5,JSWSTE,5033
194,2020-09-14 12:29:00,287.8,NSE,288.25,287.65,288.1,JSWSTE,28090
195,2020-09-14 12:30:00,287.7,NSE,287.9,287.65,287.8,JSWSTE,6145
196,2020-09-14 12:31:00,288.05,NSE,288.1,287.75,287.85,JSWSTE,4953
197,2020-09-14 12:32:00,288.0,NSE,288.2,288.0,288.05,JSWSTE,8038
198,2020-09-14 12:33:00,287.65,NSE,288.0,287.65,288.0,JSWSTE,9736
199,2020-09-14 12:34:00,287.5,NSE,287.85,287.5,287.75,JSWSTE,12412
200,2020-09-14 12:35:00,287.55,NSE,287.7,287.35,287.4,JSWSTE,21708
201,2020-09-14 12:36:00,287.6,NSE,287.8,287.5,287.6,JSWSTE,13257
202,2020-09-14 12:37:00,287.55,NSE,287.65,287.5,287.6,JSWSTE,4570
203,2020-09-14 12:38:00,287.6,NSE,287.75,287.55,287.65,JSWSTE,10771
204,2020-09-14 12:39:00,287.25,NSE,287.75,287.25,287.65,JSWSTE,7694
205,2020-09-14 12:40:00,287.45,NSE,287.5,287.25,287.3,JSWSTE,3961
206,2020-09-14 12:41:00,287.4,NSE,287.5,287.3,287.45,JSWSTE,2583
207,2020-09-14 12:42:00,287.4,NSE,287.45,287.3,287.4,JSWSTE,7295
208,2020-09-14 12:43:00,287.3,NSE,287.4,287.25,287.35,JSWSTE,7881
209,2020-09-14 12:44:00,287.3,NSE,287.45,287.25,287.3,JSWSTE,4208
210,2020-09-14 12:45:00,287.1,NSE,287.4,287.05,287.4,JSWSTE,19388
211,2020-09-14 12:46:00,287.0,NSE,287.2,287.0,287.1,JSWSTE,9568
212,2020-09-14 12:47:00,287.2,NSE,287.2,287.1,287.1,JSWSTE,9636
213,2020-09-14 12:48:00,287.35,NSE,287.45,287.15,287.2,JSWSTE,9707
214,2020-09-14 12:49:00,286.85,NSE,287.3,286.7,287.3,JSWSTE,12403
215,2020-09-14 12:50:00,287.0,NSE,287.0,286.7,286.7,JSWSTE,9807
216,2020-09-14 12:51:00,287.0,NSE,287.15,286.8,286.9,JSWSTE,13526
217,2020-09-14 12:52:00,287.2,NSE,287.2,287.05,287.05,JSWSTE,3481
218,2020-09-14 12:53:00,287.1,NSE,287.3,287.05,287.2,JSWSTE,5559
219,2020-09-14 12:54:00,287.3,NSE,287.3,287.1,287.2,JSWSTE,1548
220,2020-09-14 12:55:00,287.3,NSE,287.55,287.1,287.15,JSWSTE,11346
221,2020-09-14 12:56:00,287.6,NSE,287.6,287.25,287.3,JSWSTE,8043
222,2020-09-14 12:57:00,287.7,NSE,287.75,287.45,287.6,JSWSTE,1719
223,2020-09-14 12:58:00,288.0,NSE,288.1,287.6,287.7,JSWSTE,12802
224,2020-09-14 12:59:00,287.5,NSE,288.1,287.5,288.0,JSWSTE,10127
225,2020-09-14 13:00:00,287.25,NSE,287.55,287.25,287.5,JSWSTE,6772
226,2020-09-14 13:01:00,287.25,NSE,287.45,287.1,287.25,JSWSTE,24829
227,2020-09-14 13:02:00,287.25,NSE,287.5,287.25,287.4,JSWSTE,10508
228,2020-09-14 13:03:00,287.3,NSE,287.45,287.25,287.35,JSWSTE,7098
229,2020-09-14 13:04:00,287.2,NSE,287.3,287.2,287.3,JSWSTE,4139
230,2020-09-14 13:05:00,287.65,NSE,287.7,287.2,287.35,JSWSTE,9037
231,2020-09-14 13:06:00,288.7,NSE,288.7,287.6,287.65,JSWSTE,61924
232,2020-09-14 13:07:00,288.5,NSE,288.75,288.45,288.7,JSWSTE,18781
233,2020-09-14 13:08:00,289.1,NSE,289.25,288.5,288.65,JSWSTE,60812
234,2020-09-14 13:09:00,289.1,NSE,289.1,289.0,289.1,JSWSTE,21172
235,2020-09-14 13:10:00,288.9,NSE,289.15,288.85,289.15,JSWSTE,80724
236,2020-09-14 13:11:00,288.3,NSE,288.9,288.25,288.85,JSWSTE,29532
237,2020-09-14 13:12:00,288.95,NSE,289.0,288.25,288.3,JSWSTE,42669
238,2020-09-14 13:13:00,289.4,NSE,289.7,288.95,289.4,JSWSTE,65191
239,2020-09-14 13:14:00,289.7,NSE,289.9,289.45,289.45,JSWSTE,30510
240,2020-09-14 13:15:00,289.05,NSE,289.8,289.05,289.75,JSWSTE,23222
241,2020-09-14 13:16:00,289.0,NSE,289.25,288.95,289.1,JSWSTE,20489
242,2020-09-14 13:17:00,288.9,NSE,289.1,288.8,289.0,JSWSTE,12434
243,2020-09-14 13:18:00,289.25,NSE,289.3,288.9,289.0,JSWSTE,9062
244,2020-09-14 13:19:00,288.9,NSE,289.35,288.8,289.3,JSWSTE,14012
245,2020-09-14 13:20:00,289.0,NSE,289.25,288.85,288.9,JSWSTE,4356
246,2020-09-14 13:21:00,289.2,NSE,289.2,289.0,289.15,JSWSTE,3672
247,2020-09-14 13:22:00,289.45,NSE,289.5,289.0,289.2,JSWSTE,8414
248,2020-09-14 13:23:00,289.55,NSE,289.6,289.3,289.4,JSWSTE,5607
249,2020-09-14 13:24:00,289.4,NSE,289.6,289.4,289.55,JSWSTE,1517
250,2020-09-14 13:25:00,290.5,NSE,290.5,289.4,289.5,JSWSTE,87662
251,2020-09-14 13:26:00,291.15,NSE,291.75,290.95,291.15,JSWSTE,121393
252,2020-09-14 13:27:00,290.9,NSE,291.25,290.65,291.0,JSWSTE,19938
253,2020-09-14 13:28:00,291.35,NSE,291.5,290.85,290.9,JSWSTE,20319
254,2020-09-14 13:29:00,292.0,NSE,292.2,291.35,291.5,JSWSTE,77433
255,2020-09-14 13:30:00,291.7,NSE,292.0,291.45,291.7,JSWSTE,47235
256,2020-09-14 13:31:00,292.5,NSE,292.5,291.4,291.7,JSWSTE,50781
257,2020-09-14 13:32:00,292.2,NSE,292.55,292.0,292.55,JSWSTE,49833
258,2020-09-14 13:33:00,292.45,NSE,292.6,292.0,292.2,JSWSTE,58651
259,2020-09-14 13:34:00,292.65,NSE,292.85,292.45,292.6,JSWSTE,32341
260,2020-09-14 13:35:00,293.6,NSE,293.75,292.65,292.65,JSWSTE,93140
261,2020-09-14 13:36:00,293.4,NSE,293.95,293.2,293.6,JSWSTE,45807
262,2020-09-14 13:37:00,292.75,NSE,293.3,292.75,293.3,JSWSTE,39846
263,2020-09-14 13:38:00,293.5,NSE,293.5,292.7,292.7,JSWSTE,42743
264,2020-09-14 13:39:00,292.95,NSE,293.55,292.75,293.55,JSWSTE,29679
265,2020-09-14 13:40:00,292.35,NSE,293.0,292.3,292.9,JSWSTE,24316
266,2020-09-14 13:41:00,292.25,NSE,292.45,292.05,292.3,JSWSTE,23825
267,2020-09-14 13:42:00,292.1,NSE,292.45,292.0,292.35,JSWSTE,22030
268,2020-09-14 13:43:00,292.25,NSE,292.3,292.0,292.0,JSWSTE,7639
269,2020-09-14 13:44:00,292.05,NSE,292.2,292.0,292.2,JSWSTE,8968
270,2020-09-14 13:45:00,292.3,NSE,292.5,292.0,292.05,JSWSTE,22229
271,2020-09-14 13:46:00,291.8,NSE,292.3,291.35,292.25,JSWSTE,36617
272,2020-09-14 13:47:00,291.8,NSE,291.95,291.65,291.85,JSWSTE,10902
273,2020-09-14 13:48:00,291.35,NSE,291.8,291.3,291.8,JSWSTE,19051
274,2020-09-14 13:49:00,291.3,NSE,291.5,291.2,291.5,JSWSTE,11300
275,2020-09-14 13:50:00,291.0,NSE,291.4,290.75,291.3,JSWSTE,31012
276,2020-09-14 13:51:00,291.15,NSE,291.3,290.75,290.95,JSWSTE,22546
277,2020-09-14 13:52:00,290.9,NSE,291.15,290.35,291.15,JSWSTE,85480
278,2020-09-14 13:53:00,290.4,NSE,290.95,290.3,290.9,JSWSTE,17257
279,2020-09-14 13:54:00,290.4,NSE,290.65,290.35,290.5,JSWSTE,19758
280,2020-09-14 13:55:00,290.3,NSE,290.5,290.3,290.5,JSWSTE,17840
281,2020-09-14 13:56:00,290.0,NSE,290.35,290.0,290.3,JSWSTE,21055
282,2020-09-14 13:57:00,290.65,NSE,290.65,290.0,290.15,JSWSTE,20518
283,2020-09-14 13:58:00,291.0,NSE,291.25,290.55,290.65,JSWSTE,53858
284,2020-09-14 13:59:00,290.65,NSE,291.0,290.65,291.0,JSWSTE,5842
285,2020-09-14 14:00:00,290.6,NSE,290.75,290.6,290.6,JSWSTE,3460
286,2020-09-14 14:01:00,291.35,NSE,291.5,290.7,290.7,JSWSTE,20030
287,2020-09-14 14:02:00,291.2,NSE,291.3,291.0,291.2,JSWSTE,10684
288,2020-09-14 14:03:00,290.6,NSE,291.35,290.6,291.1,JSWSTE,10286
289,2020-09-14 14:04:00,290.3,NSE,290.75,290.1,290.75,JSWSTE,20190
290,2020-09-14 14:05:00,289.6,NSE,290.3,289.6,290.3,JSWSTE,30505
291,2020-09-14 14:06:00,289.65,NSE,289.8,289.0,289.35,JSWSTE,78842
292,2020-09-14 14:07:00,290.05,NSE,290.2,289.4,289.65,JSWSTE,32974
293,2020-09-14 14:08:00,290.65,NSE,290.85,290.1,290.2,JSWSTE,20540
294,2020-09-14 14:09:00,290.2,NSE,290.8,290.15,290.8,JSWSTE,12501
295,2020-09-14 14:10:00,290.6,NSE,290.6,290.05,290.2,JSWSTE,21340
296,2020-09-14 14:11:00,290.2,NSE,290.7,290.2,290.6,JSWSTE,7709
297,2020-09-14 14:12:00,290.5,NSE,290.5,290.0,290.15,JSWSTE,5451
298,2020-09-14 14:13:00,290.6,NSE,290.75,290.3,290.35,JSWSTE,9030
299,2020-09-14 14:14:00,290.35,NSE,290.8,290.3,290.5,JSWSTE,9982
300,2020-09-14 14:15:00,290.3,NSE,290.6,290.25,290.35,JSWSTE,5400
301,2020-09-14 14:16:00,289.65,NSE,290.4,289.65,290.3,JSWSTE,18435
302,2020-09-14 14:17:00,288.7,NSE,289.7,288.7,289.65,JSWSTE,39825
303,2020-09-14 14:18:00,289.05,NSE,289.25,288.55,288.85,JSWSTE,13023
304,2020-09-14 14:19:00,288.5,NSE,289.05,288.3,289.05,JSWSTE,29459
305,2020-09-14 14:20:00,287.7,NSE,288.5,287.7,288.5,JSWSTE,39355
306,2020-09-14 14:21:00,288.2,NSE,288.6,287.7,287.7,JSWSTE,18270
307,2020-09-14 14:22:00,288.5,NSE,288.6,288.3,288.35,JSWSTE,16508
308,2020-09-14 14:23:00,289.0,NSE,289.0,288.45,288.45,JSWSTE,12477
309,2020-09-14 14:24:00,288.9,NSE,289.3,288.8,289.0,JSWSTE,9543
310,2020-09-14 14:25:00,288.0,NSE,288.9,288.0,288.65,JSWSTE,18459
311,2020-09-14 14:26:00,288.0,NSE,288.2,287.85,288.05,JSWSTE,15102
312,2020-09-14 14:27:00,287.85,NSE,288.1,287.85,288.0,JSWSTE,11570
313,2020-09-14 14:28:00,288.0,NSE,288.0,287.5,287.7,JSWSTE,26316
314,2020-09-14 14:29:00,288.55,NSE,288.6,287.85,288.15,JSWSTE,8761
315,2020-09-14 14:30:00,288.65,NSE,288.7,288.3,288.5,JSWSTE,10570
316,2020-09-14 14:31:00,288.8,NSE,288.9,288.55,288.7,JSWSTE,8428
317,2020-09-14 14:32:00,288.35,NSE,288.85,288.3,288.8,JSWSTE,12013
318,2020-09-14 14:33:00,288.5,NSE,288.65,288.25,288.25,JSWSTE,7501
319,2020-09-14 14:34:00,288.5,NSE,288.6,288.4,288.45,JSWSTE,2681
320,2020-09-14 14:35:00,287.85,NSE,288.45,287.85,288.45,JSWSTE,15522
321,2020-09-14 14:36:00,288.15,NSE,288.25,287.75,287.85,JSWSTE,10222
322,2020-09-14 14:37:00,288.1,NSE,288.25,287.85,288.05,JSWSTE,18146
323,2020-09-14 14:38:00,288.3,NSE,288.5,288.0,288.1,JSWSTE,31996
324,2020-09-14 14:39:00,288.7,NSE,288.7,288.2,288.25,JSWSTE,9015
325,2020-09-14 14:40:00,289.15,NSE,289.25,288.55,288.55,JSWSTE,56352
326,2020-09-14 14:41:00,289.3,NSE,289.3,289.15,289.2,JSWSTE,13508
327,2020-09-14 14:42:00,289.2,NSE,289.3,289.0,289.3,JSWSTE,14273
328,2020-09-14 14:43:00,289.2,NSE,289.2,289.0,289.2,JSWSTE,7278
329,2020-09-14 14:44:00,289.6,NSE,289.85,289.1,289.1,JSWSTE,13592
330,2020-09-14 14:45:00,289.25,NSE,289.7,289.25,289.7,JSWSTE,14596
331,2020-09-14 14:46:00,289.2,NSE,289.35,289.1,289.2,JSWSTE,2336
332,2020-09-14 14:47:00,289.3,NSE,289.4,289.1,289.4,JSWSTE,3381
333,2020-09-14 14:48:00,289.4,NSE,289.55,289.1,289.1,JSWSTE,6817
334,2020-09-14 14:49:00,289.3,NSE,289.5,289.25,289.25,JSWSTE,3015
335,2020-09-14 14:50:00,289.4,NSE,289.4,289.2,289.3,JSWSTE,2503
336,2020-09-14 14:51:00,289.55,NSE,289.6,289.2,289.2,JSWSTE,12012
337,2020-09-14 14:52:00,289.4,NSE,289.7,289.35,289.65,JSWSTE,4837
338,2020-09-14 14:53:00,289.45,NSE,289.7,289.35,289.55,JSWSTE,4759
339,2020-09-14 14:54:00,289.55,NSE,289.7,289.35,289.55,JSWSTE,11165
340,2020-09-14 14:55:00,289.65,NSE,289.85,289.5,289.8,JSWSTE,7045
341,2020-09-14 14:56:00,289.7,NSE,289.75,289.55,289.55,JSWSTE,3917
342,2020-09-14 14:57:00,289.6,NSE,290.15,289.6,289.75,JSWSTE,67458
343,2020-09-14 14:58:00,289.55,NSE,289.75,289.45,289.7,JSWSTE,5939
344,2020-09-14 14:59:00,290.0,NSE,290.1,289.45,289.5,JSWSTE,32894
345,2020-09-14 15:00:00,290.6,NSE,290.9,290.1,290.1,JSWSTE,26909
346,2020-09-14 15:01:00,290.4,NSE,290.65,290.3,290.6,JSWSTE,8979
347,2020-09-14 15:02:00,290.2,NSE,290.6,290.1,290.35,JSWSTE,10942
348,2020-09-14 15:03:00,290.0,NSE,290.2,290.0,290.15,JSWSTE,16247
349,2020-09-14 15:04:00,290.0,NSE,290.15,290.0,290.0,JSWSTE,19493
350,2020-09-14 15:05:00,290.0,NSE,290.1,290.0,290.05,JSWSTE,10974
351,2020-09-14 15:06:00,289.75,NSE,290.2,289.35,290.0,JSWSTE,113229
352,2020-09-14 15:07:00,288.85,NSE,289.6,288.65,289.5,JSWSTE,38667
353,2020-09-14 15:08:00,288.75,NSE,289.35,288.6,288.9,JSWSTE,18674
354,2020-09-14 15:09:00,288.6,NSE,288.85,288.6,288.75,JSWSTE,14062
355,2020-09-14 15:10:00,288.1,NSE,288.65,288.1,288.65,JSWSTE,22913
356,2020-09-14 15:11:00,288.7,NSE,288.7,288.1,288.1,JSWSTE,19922
357,2020-09-14 15:12:00,289.3,NSE,289.4,288.5,288.65,JSWSTE,29608
358,2020-09-14 15:13:00,290.05,NSE,290.2,289.3,289.4,JSWSTE,110955
359,2020-09-14 15:14:00,290.25,NSE,290.25,290.0,290.05,JSWSTE,49355
360,2020-09-14 15:15:00,290.0,NSE,290.35,290.0,290.35,JSWSTE,86291
361,2020-09-14 15:16:00,290.1,NSE,290.25,290.0,290.05,JSWSTE,62907
362,2020-09-14 15:17:00,290.0,NSE,290.15,290.0,290.0,JSWSTE,164857
363,2020-09-14 15:18:00,290.85,NSE,290.9,290.0,290.05,JSWSTE,27403
364,2020-09-14 15:19:00,290.25,NSE,290.95,290.25,290.85,JSWSTE,21348
365,2020-09-14 15:20:00,290.15,NSE,290.7,290.0,290.25,JSWSTE,71565
366,2020-09-14 15:21:00,290.2,NSE,290.45,290.0,290.25,JSWSTE,26779
367,2020-09-14 15:22:00,290.0,NSE,290.05,289.75,290.05,JSWSTE,100930
368,2020-09-14 15:23:00,290.45,NSE,290.5,289.9,289.95,JSWSTE,135852
369,2020-09-14 15:24:00,290.35,NSE,290.65,290.35,290.5,JSWSTE,6564
370,2020-09-14 15:25:00,289.95,NSE,290.35,289.85,290.35,JSWSTE,22751
371,2020-09-14 15:26:00,289.4,NSE,289.9,289.25,289.9,JSWSTE,31236
372,2020-09-14 15:27:00,289.1,NSE,289.3,288.95,289.15,JSWSTE,9044
373,2020-09-14 15:28:00,289.15,NSE,289.4,288.85,289.1,JSWSTE,11772
374,2020-09-14 15:29:00,289.85,NSE,289.85,288.9,289.3,JSWSTE,13812
