,datetime,close,exchange_code,high,low,open,stock_code,volume
0,2021-06-23 09:30:00,2788.85,NSE,2788.85,2783.1,2783.1,METHEA,195
1,2021-06-23 09:31:00,2790.2,NSE,2797.2,2790.2,2791.9,METHEA,712
2,2021-06-23 09:32:00,2793.05,NSE,2797.95,2792.2,2793.0,METHEA,345
3,2021-06-23 09:33:00,2788.05,NSE,2790.25,2788.0,2790.25,METHEA,381
4,2021-06-23 09:34:00,2788.05,NSE,2788.05,2783.0,2784.85,METHEA,436
5,2021-06-23 09:35:00,2781.2,NSE,2783.9,2772.6,2783.9,METHEA,2029
6,2021-06-23 09:36:00,2789.0,NSE,2789.0,2784.25,2784.25,METHEA,395
7,2021-06-23 09:37:00,2808.95,NSE,2811.1,2793.7,2793.7,METHEA,1217
8,2021-06-23 09:38:00,2803.0,NSE,2808.0,2803.0,2808.0,METHEA,850
9,2021-06-23 09:39:00,2803.0,NSE,2805.0,2801.45,2803.0,METHEA,315
10,2021-06-23 09:40:00,2798.0,NSE,2801.25,2797.1,2801.25,METHEA,989
11,2021-06-23 09:41:00,2805.4,NSE,2805.4,2799.1,2800.65,METHEA,779
12,2021-06-23 09:42:00,2810.15,NSE,2816.5,2807.6,2812.0,METHEA,1451
13,2021-06-23 09:43:00,2812.0,NSE,2813.0,2805.75,2809.2,METHEA,549
14,2021-06-23 09:44:00,2806.1,NSE,2811.6,2806.0,2807.4,METHEA,1255
15,2021-06-23 09:45:00,2799.8,NSE,2811.7,2796.4,2808.6,METHEA,525
16,2021-06-23 09:46:00,2794.45,NSE,2798.1,2792.25,2798.1,METHEA,322
17,2021-06-23 09:47:00,2798.0,NSE,2798.1,2794.8,2798.1,METHEA,64
18,2021-06-23 09:48:00,2805.25,NSE,2805.25,2798.1,2798.1,METHEA,213
19,2021-06-23 09:49:00,2803.7,NSE,2808.6,2802.95,2808.6,METHEA,570
20,2021-06-23 09:50:00,2798.55,NSE,2803.7,2796.85,2803.7,METHEA,88
21,2021-06-23 09:51:00,2799.7,NSE,2801.2,2796.45,2796.45,METHEA,335
22,2021-06-23 09:52:00,2803.7,NSE,2803.7,2800.25,2800.75,METHEA,1121
23,2021-06-23 09:53:00,2800.25,NSE,2803.0,2800.05,2803.0,METHEA,26
24,2021-06-23 09:54:00,2802.95,NSE,2802.95,2800.3,2800.3,METHEA,77
25,2021-06-23 09:55:00,2796.0,NSE,2800.0,2794.0,2800.0,METHEA,1008
26,2021-06-23 09:56:00,2799.65,NSE,2799.65,2794.65,2794.65,METHEA,140
27,2021-06-23 09:57:00,2801.85,NSE,2803.4,2796.0,2799.8,METHEA,579
28,2021-06-23 09:58:00,2799.3,NSE,2801.0,2799.3,2801.0,METHEA,14
29,2021-06-23 09:59:00,2799.45,NSE,2804.85,2799.45,2799.6,METHEA,144
30,2021-06-23 10:00:00,2804.35,NSE,2804.35,2799.95,2799.95,METHEA,143
31,2021-06-23 10:01:00,2809.45,NSE,2809.45,2799.0,2802.0,METHEA,2294
32,2021-06-23 10:02:00,2822.0,NSE,2825.05,2814.1,2814.9,METHEA,9801
33,2021-06-23 10:03:00,2824.0,NSE,2829.0,2817.4,2819.9,METHEA,7717
34,2021-06-23 10:04:00,2833.95,NSE,2834.0,2821.0,2821.0,METHEA,4551
35,2021-06-23 10:05:00,2832.0,NSE,2843.85,2832.0,2835.0,METHEA,4481
36,2021-06-23 10:06:00,2835.0,NSE,2835.0,2820.0,2831.55,METHEA,3909
37,2021-06-23 10:07:00,2830.25,NSE,2835.0,2826.3,2835.0,METHEA,1060
38,2021-06-23 10:08:00,2825.0,NSE,2832.95,2821.0,2832.4,METHEA,1619
39,2021-06-23 10:09:00,2824.0,NSE,2829.0,2823.75,2827.55,METHEA,1508
40,2021-06-23 10:10:00,2829.95,NSE,2832.4,2824.0,2824.0,METHEA,916
41,2021-06-23 10:11:00,2815.0,NSE,2830.0,2810.0,2830.0,METHEA,1912
42,2021-06-23 10:12:00,2805.1,NSE,2815.95,2802.3,2815.95,METHEA,2906
43,2021-06-23 10:13:00,2799.95,NSE,2809.0,2796.0,2808.95,METHEA,1241
44,2021-06-23 10:14:00,2800.0,NSE,2800.0,2796.45,2800.0,METHEA,469
45,2021-06-23 10:15:00,2797.15,NSE,2802.55,2796.95,2800.05,METHEA,873
46,2021-06-23 10:16:00,2792.85,NSE,2796.9,2785.4,2796.9,METHEA,2953
47,2021-06-23 10:17:00,2798.95,NSE,2799.95,2789.05,2789.05,METHEA,323
48,2021-06-23 10:18:00,2800.1,NSE,2801.95,2799.75,2799.75,METHEA,536
49,2021-06-23 10:19:00,2794.15,NSE,2798.15,2794.0,2794.0,METHEA,332
50,2021-06-23 10:20:00,2794.15,NSE,2797.8,2794.15,2794.15,METHEA,81
51,2021-06-23 10:21:00,2792.9,NSE,2794.9,2792.9,2794.15,METHEA,833
52,2021-06-23 10:22:00,2792.8,NSE,2792.85,2789.5,2791.1,METHEA,349
53,2021-06-23 10:23:00,2795.3,NSE,2795.3,2792.8,2792.8,METHEA,358
54,2021-06-23 10:24:00,2798.75,NSE,2805.0,2798.75,2799.45,METHEA,613
55,2021-06-23 10:25:00,2800.0,NSE,2800.0,2799.95,2799.95,METHEA,252
56,2021-06-23 10:26:00,2802.05,NSE,2804.95,2799.1,2800.0,METHEA,304
57,2021-06-23 10:27:00,2800.0,NSE,2804.1,2800.0,2804.1,METHEA,695
58,2021-06-23 10:28:00,2794.8,NSE,2800.0,2794.8,2800.0,METHEA,274
59,2021-06-23 10:29:00,2792.95,NSE,2795.3,2791.55,2794.8,METHEA,59
60,2021-06-23 10:30:00,2800.05,NSE,2800.2,2797.35,2800.0,METHEA,349
61,2021-06-23 10:31:00,2810.0,NSE,2810.0,2800.5,2800.5,METHEA,948
62,2021-06-23 10:32:00,2806.35,NSE,2808.1,2804.9,2808.05,METHEA,576
63,2021-06-23 10:33:00,2808.0,NSE,2808.0,2804.65,2805.4,METHEA,77
64,2021-06-23 10:34:00,2808.1,NSE,2810.0,2804.7,2804.7,METHEA,491
65,2021-06-23 10:35:00,2804.0,NSE,2808.2,2804.0,2808.1,METHEA,497
66,2021-06-23 10:36:00,2795.7,NSE,2804.0,2795.7,2804.0,METHEA,177
67,2021-06-23 10:37:00,2801.45,NSE,2804.75,2796.8,2797.55,METHEA,217
68,2021-06-23 10:38:00,2807.95,NSE,2808.25,2801.5,2801.5,METHEA,374
69,2021-06-23 10:39:00,2801.2,NSE,2805.65,2800.0,2805.65,METHEA,72
70,2021-06-23 10:40:00,2796.8,NSE,2800.05,2796.8,2800.05,METHEA,57
71,2021-06-23 10:41:00,2801.05,NSE,2803.5,2800.2,2800.95,METHEA,282
72,2021-06-23 10:42:00,2803.35,NSE,2803.5,2801.0,2801.05,METHEA,271
73,2021-06-23 10:43:00,2803.2,NSE,2803.2,2801.15,2801.15,METHEA,45
74,2021-06-23 10:44:00,2795.3,NSE,2803.15,2795.3,2802.3,METHEA,172
75,2021-06-23 10:45:00,2801.8,NSE,2802.65,2797.9,2797.9,METHEA,333
76,2021-06-23 10:46:00,2801.0,NSE,2801.6,2800.0,2800.0,METHEA,78
77,2021-06-23 10:47:00,2802.0,NSE,2802.9,2801.0,2801.0,METHEA,91
78,2021-06-23 10:48:00,2800.85,NSE,2802.9,2800.0,2802.9,METHEA,424
79,2021-06-23 10:49:00,2804.1,NSE,2804.9,2800.85,2800.85,METHEA,143
80,2021-06-23 10:50:00,2804.55,NSE,2807.4,2804.1,2804.1,METHEA,320
81,2021-06-23 10:51:00,2801.4,NSE,2804.55,2797.0,2804.55,METHEA,206
82,2021-06-23 10:52:00,2802.0,NSE,2803.35,2800.7,2803.35,METHEA,181
83,2021-06-23 10:53:00,2802.2,NSE,2802.9,2802.15,2802.9,METHEA,63
84,2021-06-23 10:54:00,2805.0,NSE,2805.0,2802.2,2802.2,METHEA,241
85,2021-06-23 10:55:00,2805.0,NSE,2807.75,2805.0,2805.55,METHEA,137
86,2021-06-23 10:56:00,2803.0,NSE,2804.85,2797.0,2804.85,METHEA,492
87,2021-06-23 10:57:00,2803.1,NSE,2804.85,2803.0,2803.0,METHEA,130
88,2021-06-23 10:58:00,2803.0,NSE,2803.1,2803.0,2803.1,METHEA,187
89,2021-06-23 10:59:00,2800.7,NSE,2803.0,2800.65,2803.0,METHEA,502
90,2021-06-23 11:00:00,2797.0,NSE,2800.0,2797.0,2800.0,METHEA,153
91,2021-06-23 11:01:00,2796.25,NSE,2797.0,2795.5,2797.0,METHEA,81
92,2021-06-23 11:02:00,2797.0,NSE,2797.0,2795.3,2795.3,METHEA,86
93,2021-06-23 11:03:00,2797.0,NSE,2797.0,2797.0,2797.0,METHEA,20
94,2021-06-23 11:04:00,2796.0,NSE,2797.0,2796.0,2796.0,METHEA,113
95,2021-06-23 11:05:00,2797.0,NSE,2797.0,2796.0,2797.0,METHEA,99
96,2021-06-23 11:06:00,2800.0,NSE,2800.0,2795.85,2795.85,METHEA,121
97,2021-06-23 11:07:00,2800.0,NSE,2800.0,2800.0,2800.0,METHEA,102
98,2021-06-23 11:08:00,2799.05,NSE,2800.0,2798.9,2798.9,METHEA,210
99,2021-06-23 11:09:00,2800.0,NSE,2800.0,2800.0,2800.0,METHEA,6
100,2021-06-23 11:10:00,2800.0,NSE,2800.0,2799.6,2799.8,METHEA,52
101,2021-06-23 11:11:00,2799.8,NSE,2800.0,2799.6,2800.0,METHEA,42
102,2021-06-23 11:12:00,2800.0,NSE,2800.0,2800.0,2800.0,METHEA,71
103,2021-06-23 11:13:00,2800.0,NSE,2800.0,2799.95,2800.0,METHEA,79
104,2021-06-23 11:14:00,2799.95,NSE,2800.0,2799.95,2800.0,METHEA,36
105,2021-06-23 11:15:00,2799.95,NSE,2799.95,2799.95,2799.95,METHEA,10
106,2021-06-23 11:16:00,2799.85,NSE,2803.6,2799.85,2800.0,METHEA,702
107,2021-06-23 11:17:00,2800.2,NSE,2802.0,2799.95,2799.95,METHEA,142
108,2021-06-23 11:18:00,2799.0,NSE,2801.0,2799.0,2800.2,METHEA,1105
109,2021-06-23 11:19:00,2801.05,NSE,2801.1,2799.05,2801.1,METHEA,539
110,2021-06-23 11:20:00,2799.55,NSE,2799.55,2799.0,2799.1,METHEA,9
111,2021-06-23 11:21:00,2800.8,NSE,2800.8,2799.0,2799.0,METHEA,46
112,2021-06-23 11:22:00,2800.8,NSE,2800.8,2800.8,2800.8,METHEA,1
113,2021-06-23 11:23:00,2800.4,NSE,2800.8,2800.0,2800.0,METHEA,112
114,2021-06-23 11:24:00,2800.45,NSE,2801.05,2800.4,2800.4,METHEA,221
115,2021-06-23 11:25:00,2797.4,NSE,2800.45,2797.2,2800.45,METHEA,531
116,2021-06-23 11:26:00,2787.1,NSE,2800.3,2787.0,2797.45,METHEA,1469
117,2021-06-23 11:27:00,2786.0,NSE,2790.55,2786.0,2788.0,METHEA,139
118,2021-06-23 11:28:00,2789.1,NSE,2789.1,2789.1,2789.1,METHEA,1
119,2021-06-23 11:29:00,2800.4,NSE,2800.4,2787.3,2787.3,METHEA,254
120,2021-06-23 11:30:00,2798.2,NSE,2799.8,2798.0,2798.0,METHEA,242
121,2021-06-23 11:31:00,2798.2,NSE,2798.2,2798.2,2798.2,METHEA,13
122,2021-06-23 11:32:00,2796.0,NSE,2796.0,2792.25,2792.25,METHEA,78
123,2021-06-23 11:33:00,2795.1,NSE,2796.0,2795.1,2795.1,METHEA,32
124,2021-06-23 11:34:00,2796.45,NSE,2799.0,2795.1,2795.1,METHEA,207
125,2021-06-23 11:35:00,2800.0,NSE,2800.0,2798.95,2798.95,METHEA,342
126,2021-06-23 11:36:00,2799.85,NSE,2800.4,2799.85,2800.4,METHEA,195
127,2021-06-23 11:37:00,2795.0,NSE,2799.8,2795.0,2799.8,METHEA,279
128,2021-06-23 11:38:00,2795.0,NSE,2795.05,2795.0,2795.05,METHEA,30
129,2021-06-23 11:39:00,2794.0,NSE,2797.7,2794.0,2797.7,METHEA,297
130,2021-06-23 11:40:00,2790.0,NSE,2791.05,2786.0,2788.35,METHEA,113
131,2021-06-23 11:41:00,2788.0,NSE,2789.9,2788.0,2788.0,METHEA,53
132,2021-06-23 11:42:00,2789.9,NSE,2789.9,2789.85,2789.85,METHEA,37
133,2021-06-23 11:43:00,2795.0,NSE,2797.2,2789.85,2789.9,METHEA,968
134,2021-06-23 11:44:00,2789.75,NSE,2795.0,2789.75,2795.0,METHEA,303
135,2021-06-23 11:45:00,2790.45,NSE,2794.7,2790.45,2794.0,METHEA,66
136,2021-06-23 11:46:00,2792.35,NSE,2794.65,2791.1,2791.1,METHEA,112
137,2021-06-23 11:47:00,2793.95,NSE,2793.95,2790.45,2792.35,METHEA,223
138,2021-06-23 11:48:00,2788.0,NSE,2790.0,2788.0,2790.0,METHEA,247
139,2021-06-23 11:49:00,2792.45,NSE,2792.5,2788.35,2792.5,METHEA,113
140,2021-06-23 11:50:00,2788.0,NSE,2789.0,2788.0,2789.0,METHEA,325
141,2021-06-23 11:51:00,2791.3,NSE,2791.35,2788.0,2788.55,METHEA,42
142,2021-06-23 11:52:00,2795.0,NSE,2795.0,2791.3,2791.3,METHEA,171
143,2021-06-23 11:53:00,2794.6,NSE,2796.15,2794.6,2796.15,METHEA,180
144,2021-06-23 11:54:00,2799.0,NSE,2799.8,2795.95,2796.35,METHEA,211
145,2021-06-23 11:55:00,2799.0,NSE,2799.0,2796.4,2796.4,METHEA,13
146,2021-06-23 11:56:00,2799.4,NSE,2799.7,2796.4,2796.6,METHEA,85
147,2021-06-23 11:57:00,2799.0,NSE,2799.0,2796.6,2796.6,METHEA,19
148,2021-06-23 11:58:00,2799.0,NSE,2799.0,2798.85,2799.0,METHEA,243
149,2021-06-23 11:59:00,2799.0,NSE,2799.0,2798.7,2798.95,METHEA,331
150,2021-06-23 12:00:00,2799.0,NSE,2799.0,2798.95,2798.95,METHEA,242
151,2021-06-23 12:01:00,2799.0,NSE,2799.0,2798.45,2799.0,METHEA,170
152,2021-06-23 12:02:00,2799.95,NSE,2799.95,2798.8,2799.95,METHEA,120
153,2021-06-23 12:03:00,2799.95,NSE,2799.95,2799.3,2799.95,METHEA,121
154,2021-06-23 12:04:00,2799.95,NSE,2799.95,2799.3,2799.3,METHEA,137
155,2021-06-23 12:05:00,2799.3,NSE,2799.95,2799.3,2799.95,METHEA,35
156,2021-06-23 12:06:00,2799.3,NSE,2799.3,2799.3,2799.3,METHEA,3
157,2021-06-23 12:07:00,2799.3,NSE,2799.3,2799.3,2799.3,METHEA,53
158,2021-06-23 12:08:00,2799.1,NSE,2799.15,2799.1,2799.15,METHEA,21
159,2021-06-23 12:09:00,2799.1,NSE,2799.2,2799.1,2799.2,METHEA,105
160,2021-06-23 12:10:00,2799.2,NSE,2799.2,2799.1,2799.1,METHEA,6
161,2021-06-23 12:11:00,2799.8,NSE,2800.0,2799.8,2800.0,METHEA,201
162,2021-06-23 12:12:00,2800.0,NSE,2800.0,2800.0,2800.0,METHEA,32
163,2021-06-23 12:13:00,2800.0,NSE,2800.0,2800.0,2800.0,METHEA,2
164,2021-06-23 12:14:00,2799.9,NSE,2799.9,2799.9,2799.9,METHEA,1
165,2021-06-23 12:15:00,2800.0,NSE,2800.0,2800.0,2800.0,METHEA,22
166,2021-06-23 12:16:00,2800.0,NSE,2800.0,2800.0,2800.0,METHEA,12
167,2021-06-23 12:18:00,2800.0,NSE,2800.0,2800.0,2800.0,METHEA,183
168,2021-06-23 12:19:00,2799.95,NSE,2800.0,2799.95,2800.0,METHEA,16
169,2021-06-23 12:20:00,2799.95,NSE,2800.0,2799.95,2799.95,METHEA,28
170,2021-06-23 12:21:00,2799.95,NSE,2800.0,2799.95,2800.0,METHEA,196
171,2021-06-23 12:22:00,2800.65,NSE,2800.65,2800.0,2800.0,METHEA,351
172,2021-06-23 12:23:00,2800.65,NSE,2800.65,2800.6,2800.6,METHEA,185
173,2021-06-23 12:24:00,2798.0,NSE,2800.6,2797.95,2800.6,METHEA,892
174,2021-06-23 12:25:00,2796.85,NSE,2800.0,2796.15,2796.15,METHEA,163
175,2021-06-23 12:26:00,2791.15,NSE,2793.65,2791.15,2793.65,METHEA,266
176,2021-06-23 12:27:00,2799.8,NSE,2801.85,2793.2,2793.2,METHEA,318
177,2021-06-23 12:28:00,2803.0,NSE,2804.5,2799.8,2799.8,METHEA,927
178,2021-06-23 12:29:00,2800.0,NSE,2803.4,2800.0,2803.1,METHEA,72
179,2021-06-23 12:30:00,2801.65,NSE,2801.65,2801.0,2801.65,METHEA,72
180,2021-06-23 12:31:00,2803.2,NSE,2803.2,2801.45,2801.65,METHEA,204
181,2021-06-23 12:32:00,2795.05,NSE,2800.6,2795.05,2800.0,METHEA,717
182,2021-06-23 12:33:00,2800.0,NSE,2800.0,2795.0,2795.0,METHEA,504
183,2021-06-23 12:34:00,2800.95,NSE,2805.2,2795.65,2795.85,METHEA,1188
184,2021-06-23 12:35:00,2800.0,NSE,2802.0,2800.0,2800.2,METHEA,234
185,2021-06-23 12:36:00,2799.9,NSE,2801.95,2799.8,2799.8,METHEA,64
186,2021-06-23 12:37:00,2801.95,NSE,2802.0,2801.95,2802.0,METHEA,15
187,2021-06-23 12:38:00,2800.55,NSE,2800.9,2800.5,2800.9,METHEA,59
188,2021-06-23 12:39:00,2800.55,NSE,2802.0,2800.55,2802.0,METHEA,51
189,2021-06-23 12:40:00,2800.35,NSE,2801.75,2800.35,2801.15,METHEA,79
190,2021-06-23 12:41:00,2800.35,NSE,2800.95,2800.35,2800.95,METHEA,46
191,2021-06-23 12:42:00,2801.5,NSE,2801.75,2800.95,2801.75,METHEA,100
192,2021-06-23 12:43:00,2801.5,NSE,2801.5,2801.45,2801.5,METHEA,250
193,2021-06-23 12:44:00,2795.0,NSE,2801.5,2795.0,2801.5,METHEA,1051
194,2021-06-23 12:45:00,2799.05,NSE,2799.05,2796.5,2796.7,METHEA,52
195,2021-06-23 12:46:00,2791.7,NSE,2796.85,2791.7,2796.85,METHEA,254
196,2021-06-23 12:47:00,2793.95,NSE,2795.1,2791.2,2794.45,METHEA,49
197,2021-06-23 12:48:00,2794.4,NSE,2794.4,2791.3,2791.3,METHEA,109
198,2021-06-23 12:49:00,2796.8,NSE,2796.8,2794.3,2794.4,METHEA,94
199,2021-06-23 12:50:00,2792.95,NSE,2796.8,2792.95,2796.8,METHEA,222
200,2021-06-23 12:51:00,2796.25,NSE,2796.25,2792.8,2794.45,METHEA,53
201,2021-06-23 12:52:00,2796.5,NSE,2796.5,2796.5,2796.5,METHEA,3
202,2021-06-23 12:53:00,2796.35,NSE,2796.55,2796.35,2796.5,METHEA,82
203,2021-06-23 12:54:00,2796.25,NSE,2796.55,2796.15,2796.15,METHEA,154
204,2021-06-23 12:55:00,2796.25,NSE,2796.55,2796.25,2796.25,METHEA,131
205,2021-06-23 12:56:00,2796.55,NSE,2796.55,2796.2,2796.2,METHEA,120
206,2021-06-23 12:57:00,2796.55,NSE,2796.55,2796.3,2796.3,METHEA,53
207,2021-06-23 12:58:00,2796.75,NSE,2796.8,2796.5,2796.5,METHEA,145
208,2021-06-23 12:59:00,2798.0,NSE,2798.9,2797.95,2798.9,METHEA,303
209,2021-06-23 13:00:00,2798.9,NSE,2798.9,2798.0,2798.0,METHEA,21
210,2021-06-23 13:01:00,2798.85,NSE,2798.9,2798.85,2798.9,METHEA,5
211,2021-06-23 13:02:00,2798.85,NSE,2798.85,2798.35,2798.35,METHEA,20
212,2021-06-23 13:03:00,2798.9,NSE,2798.9,2798.9,2798.9,METHEA,7
213,2021-06-23 13:04:00,2798.85,NSE,2798.9,2798.85,2798.9,METHEA,27
214,2021-06-23 13:05:00,2798.8,NSE,2798.9,2798.8,2798.9,METHEA,205
215,2021-06-23 13:06:00,2798.65,NSE,2798.65,2798.4,2798.4,METHEA,808
216,2021-06-23 13:07:00,2800.0,NSE,2800.0,2798.65,2798.65,METHEA,392
217,2021-06-23 13:08:00,2800.0,NSE,2800.0,2800.0,2800.0,METHEA,650
218,2021-06-23 13:09:00,2800.05,NSE,2800.05,2798.95,2798.95,METHEA,67
219,2021-06-23 13:10:00,2800.0,NSE,2800.05,2800.0,2800.05,METHEA,5
220,2021-06-23 13:11:00,2798.95,NSE,2800.05,2796.65,2800.05,METHEA,69
221,2021-06-23 13:12:00,2797.75,NSE,2798.75,2796.8,2796.8,METHEA,5
222,2021-06-23 13:13:00,2798.6,NSE,2798.7,2797.0,2798.7,METHEA,54
223,2021-06-23 13:14:00,2798.35,NSE,2798.35,2795.1,2797.7,METHEA,348
224,2021-06-23 13:15:00,2794.55,NSE,2794.55,2794.55,2794.55,METHEA,102
225,2021-06-23 13:16:00,2782.7,NSE,2797.05,2782.7,2797.05,METHEA,1029
226,2021-06-23 13:17:00,2788.4,NSE,2788.4,2780.3,2780.3,METHEA,386
227,2021-06-23 13:18:00,2787.9,NSE,2792.05,2787.9,2788.4,METHEA,253
228,2021-06-23 13:19:00,2786.4,NSE,2789.0,2786.4,2788.95,METHEA,179
229,2021-06-23 13:20:00,2789.95,NSE,2789.95,2787.55,2789.95,METHEA,169
230,2021-06-23 13:21:00,2790.0,NSE,2790.0,2789.95,2789.95,METHEA,93
231,2021-06-23 13:22:00,2789.75,NSE,2790.0,2789.75,2789.95,METHEA,338
232,2021-06-23 13:23:00,2789.95,NSE,2789.95,2789.8,2789.8,METHEA,24
233,2021-06-23 13:24:00,2791.4,NSE,2791.4,2791.25,2791.25,METHEA,57
234,2021-06-23 13:25:00,2794.9,NSE,2795.0,2791.35,2791.35,METHEA,195
235,2021-06-23 13:26:00,2797.9,NSE,2798.0,2795.0,2795.0,METHEA,76
236,2021-06-23 13:27:00,2797.85,NSE,2798.0,2797.7,2797.9,METHEA,82
237,2021-06-23 13:28:00,2797.95,NSE,2798.0,2797.85,2797.85,METHEA,5
238,2021-06-23 13:29:00,2797.75,NSE,2797.95,2797.75,2797.95,METHEA,95
239,2021-06-23 13:30:00,2799.4,NSE,2800.25,2799.4,2800.2,METHEA,133
240,2021-06-23 13:31:00,2801.85,NSE,2801.85,2801.85,2801.85,METHEA,53
241,2021-06-23 13:32:00,2796.5,NSE,2801.85,2793.7,2801.85,METHEA,564
242,2021-06-23 13:33:00,2800.85,NSE,2800.85,2798.15,2798.15,METHEA,68
243,2021-06-23 13:34:00,2800.85,NSE,2801.4,2800.0,2800.0,METHEA,170
244,2021-06-23 13:35:00,2800.0,NSE,2800.85,2798.75,2800.85,METHEA,285
245,2021-06-23 13:36:00,2800.0,NSE,2800.0,2799.95,2800.0,METHEA,10
246,2021-06-23 13:37:00,2799.95,NSE,2800.0,2799.95,2799.95,METHEA,73
247,2021-06-23 13:38:00,2800.0,NSE,2800.0,2800.0,2800.0,METHEA,295
248,2021-06-23 13:39:00,2799.7,NSE,2799.9,2799.7,2799.9,METHEA,246
249,2021-06-23 13:40:00,2797.05,NSE,2799.0,2795.1,2799.0,METHEA,126
250,2021-06-23 13:41:00,2800.0,NSE,2800.0,2797.2,2797.2,METHEA,124
251,2021-06-23 13:42:00,2795.0,NSE,2799.05,2795.0,2799.05,METHEA,91
252,2021-06-23 13:43:00,2797.55,NSE,2797.55,2796.8,2796.8,METHEA,20
253,2021-06-23 13:44:00,2798.25,NSE,2799.75,2797.55,2797.55,METHEA,136
254,2021-06-23 13:45:00,2799.2,NSE,2799.95,2799.2,2799.95,METHEA,137
255,2021-06-23 13:46:00,2799.2,NSE,2799.2,2799.1,2799.1,METHEA,5
256,2021-06-23 13:47:00,2800.0,NSE,2800.0,2799.2,2799.2,METHEA,263
257,2021-06-23 13:48:00,2799.9,NSE,2800.25,2799.9,2800.0,METHEA,42
258,2021-06-23 13:49:00,2800.0,NSE,2800.0,2799.75,2799.75,METHEA,175
259,2021-06-23 13:50:00,2800.0,NSE,2800.0,2799.75,2799.75,METHEA,144
260,2021-06-23 13:51:00,2800.0,NSE,2800.0,2799.95,2799.95,METHEA,9
261,2021-06-23 13:52:00,2800.0,NSE,2800.0,2799.95,2800.0,METHEA,54
262,2021-06-23 13:53:00,2800.0,NSE,2800.0,2799.5,2799.95,METHEA,506
263,2021-06-23 13:54:00,2799.95,NSE,2800.0,2799.75,2799.75,METHEA,38
264,2021-06-23 13:55:00,2800.0,NSE,2800.0,2799.75,2800.0,METHEA,128
265,2021-06-23 13:56:00,2799.75,NSE,2800.0,2799.75,2800.0,METHEA,82
266,2021-06-23 13:57:00,2797.05,NSE,2800.0,2796.4,2799.8,METHEA,148
267,2021-06-23 13:58:00,2799.9,NSE,2800.5,2797.9,2797.9,METHEA,262
268,2021-06-23 13:59:00,2800.2,NSE,2800.2,2800.15,2800.2,METHEA,18
269,2021-06-23 14:00:00,2800.2,NSE,2800.2,2799.9,2799.9,METHEA,93
270,2021-06-23 14:01:00,2801.2,NSE,2801.2,2799.95,2800.2,METHEA,140
271,2021-06-23 14:02:00,2800.6,NSE,2801.2,2800.0,2800.2,METHEA,149
272,2021-06-23 14:03:00,2801.2,NSE,2801.2,2800.7,2801.2,METHEA,167
273,2021-06-23 14:04:00,2800.0,NSE,2801.2,2800.0,2801.2,METHEA,419
274,2021-06-23 14:05:00,2800.6,NSE,2800.6,2799.8,2800.6,METHEA,143
275,2021-06-23 14:06:00,2799.8,NSE,2800.6,2799.8,2800.6,METHEA,47
276,2021-06-23 14:07:00,2797.2,NSE,2800.0,2797.2,2800.0,METHEA,105
277,2021-06-23 14:08:00,2795.05,NSE,2796.95,2795.0,2796.9,METHEA,43
278,2021-06-23 14:09:00,2797.0,NSE,2797.0,2796.0,2796.0,METHEA,22
279,2021-06-23 14:10:00,2796.95,NSE,2797.0,2796.95,2797.0,METHEA,144
280,2021-06-23 14:11:00,2794.0,NSE,2795.55,2794.0,2795.55,METHEA,341
281,2021-06-23 14:12:00,2792.45,NSE,2796.0,2792.45,2796.0,METHEA,182
282,2021-06-23 14:13:00,2791.0,NSE,2795.95,2791.0,2792.0,METHEA,402
283,2021-06-23 14:14:00,2794.4,NSE,2795.4,2792.55,2792.55,METHEA,11
284,2021-06-23 14:15:00,2799.0,NSE,2799.0,2795.4,2795.4,METHEA,222
285,2021-06-23 14:16:00,2799.0,NSE,2799.0,2799.0,2799.0,METHEA,266
286,2021-06-23 14:17:00,2799.4,NSE,2799.4,2799.3,2799.4,METHEA,85
287,2021-06-23 14:18:00,2799.7,NSE,2799.75,2799.2,2799.75,METHEA,59
288,2021-06-23 14:19:00,2799.5,NSE,2799.75,2799.5,2799.7,METHEA,77
289,2021-06-23 14:20:00,2799.8,NSE,2799.8,2799.5,2799.5,METHEA,13
290,2021-06-23 14:21:00,2799.75,NSE,2799.8,2799.5,2799.8,METHEA,183
291,2021-06-23 14:22:00,2799.65,NSE,2799.65,2799.6,2799.65,METHEA,42
292,2021-06-23 14:23:00,2799.75,NSE,2799.8,2799.75,2799.8,METHEA,19
293,2021-06-23 14:24:00,2799.75,NSE,2799.8,2799.75,2799.8,METHEA,35
294,2021-06-23 14:25:00,2801.0,NSE,2801.1,2799.75,2799.8,METHEA,267
295,2021-06-23 14:26:00,2799.15,NSE,2801.0,2798.7,2801.0,METHEA,629
296,2021-06-23 14:27:00,2797.1,NSE,2799.05,2797.1,2798.8,METHEA,28
297,2021-06-23 14:28:00,2794.25,NSE,2795.0,2792.5,2793.95,METHEA,176
298,2021-06-23 14:29:00,2794.95,NSE,2796.65,2793.8,2793.8,METHEA,131
299,2021-06-23 14:30:00,2791.2,NSE,2795.0,2791.2,2794.95,METHEA,1210
300,2021-06-23 14:31:00,2787.0,NSE,2788.15,2784.2,2784.8,METHEA,372
301,2021-06-23 14:32:00,2787.6,NSE,2787.9,2784.0,2787.0,METHEA,217
302,2021-06-23 14:33:00,2788.0,NSE,2788.0,2787.9,2787.9,METHEA,5
303,2021-06-23 14:34:00,2787.85,NSE,2788.45,2787.75,2788.1,METHEA,141
304,2021-06-23 14:35:00,2788.2,NSE,2788.45,2788.2,2788.45,METHEA,81
305,2021-06-23 14:36:00,2788.4,NSE,2789.0,2788.4,2789.0,METHEA,149
306,2021-06-23 14:37:00,2788.95,NSE,2790.0,2787.85,2787.85,METHEA,120
307,2021-06-23 14:38:00,2784.0,NSE,2787.0,2784.0,2787.0,METHEA,452
308,2021-06-23 14:39:00,2765.05,NSE,2783.95,2765.05,2783.95,METHEA,1640
309,2021-06-23 14:40:00,2769.95,NSE,2772.35,2766.0,2766.0,METHEA,382
310,2021-06-23 14:41:00,2775.0,NSE,2778.8,2769.0,2770.75,METHEA,502
311,2021-06-23 14:42:00,2777.75,NSE,2779.0,2775.85,2775.85,METHEA,123
312,2021-06-23 14:43:00,2780.6,NSE,2780.6,2779.0,2780.0,METHEA,809
313,2021-06-23 14:44:00,2783.0,NSE,2783.5,2780.6,2780.6,METHEA,158
314,2021-06-23 14:45:00,2781.75,NSE,2783.45,2781.65,2781.65,METHEA,101
315,2021-06-23 14:46:00,2785.1,NSE,2785.2,2782.4,2782.4,METHEA,588
316,2021-06-23 14:47:00,2784.75,NSE,2787.2,2782.0,2786.7,METHEA,455
317,2021-06-23 14:48:00,2784.0,NSE,2785.4,2782.0,2784.75,METHEA,38
318,2021-06-23 14:49:00,2784.0,NSE,2785.4,2781.75,2784.0,METHEA,107
319,2021-06-23 14:50:00,2784.6,NSE,2784.6,2783.65,2783.65,METHEA,78
320,2021-06-23 14:51:00,2785.0,NSE,2785.0,2783.8,2783.8,METHEA,140
321,2021-06-23 14:52:00,2780.6,NSE,2786.65,2780.6,2786.65,METHEA,697
322,2021-06-23 14:53:00,2785.1,NSE,2785.1,2780.4,2780.6,METHEA,179
323,2021-06-23 14:54:00,2787.2,NSE,2787.2,2784.8,2785.0,METHEA,166
324,2021-06-23 14:55:00,2795.0,NSE,2795.0,2789.2,2789.2,METHEA,439
325,2021-06-23 14:56:00,2794.7,NSE,2795.0,2792.95,2792.95,METHEA,281
326,2021-06-23 14:57:00,2794.7,NSE,2794.8,2794.7,2794.8,METHEA,259
327,2021-06-23 14:58:00,2794.75,NSE,2795.0,2794.75,2795.0,METHEA,238
328,2021-06-23 14:59:00,2794.3,NSE,2794.75,2794.3,2794.7,METHEA,557
329,2021-06-23 15:00:00,2791.65,NSE,2794.7,2791.65,2794.6,METHEA,584
330,2021-06-23 15:01:00,2791.4,NSE,2791.65,2791.4,2791.4,METHEA,72
331,2021-06-23 15:02:00,2784.35,NSE,2790.05,2783.1,2790.05,METHEA,695
332,2021-06-23 15:03:00,2787.45,NSE,2787.45,2783.2,2784.4,METHEA,350
333,2021-06-23 15:04:00,2794.05,NSE,2794.55,2787.45,2787.45,METHEA,615
334,2021-06-23 15:05:00,2787.2,NSE,2793.85,2785.0,2793.8,METHEA,647
335,2021-06-23 15:06:00,2787.1,NSE,2787.9,2787.1,2787.6,METHEA,117
336,2021-06-23 15:07:00,2787.9,NSE,2787.9,2787.75,2787.9,METHEA,42
337,2021-06-23 15:08:00,2791.4,NSE,2791.45,2788.25,2789.35,METHEA,331
338,2021-06-23 15:09:00,2794.0,NSE,2794.0,2791.35,2791.45,METHEA,391
339,2021-06-23 15:10:00,2793.55,NSE,2794.0,2792.65,2794.0,METHEA,250
340,2021-06-23 15:11:00,2793.4,NSE,2793.55,2793.4,2793.5,METHEA,625
341,2021-06-23 15:12:00,2794.9,NSE,2794.9,2793.4,2793.5,METHEA,807
342,2021-06-23 15:13:00,2800.0,NSE,2800.0,2795.0,2795.0,METHEA,1010
343,2021-06-23 15:14:00,2799.0,NSE,2801.0,2799.0,2800.0,METHEA,1142
344,2021-06-23 15:15:00,2800.0,NSE,2800.0,2799.95,2799.95,METHEA,443
345,2021-06-23 15:16:00,2803.0,NSE,2803.0,2799.95,2799.95,METHEA,393
346,2021-06-23 15:17:00,2806.3,NSE,2806.3,2801.05,2801.05,METHEA,1587
347,2021-06-23 15:18:00,2809.0,NSE,2810.0,2805.9,2807.85,METHEA,1171
348,2021-06-23 15:19:00,2815.9,NSE,2815.9,2808.9,2810.0,METHEA,1554
349,2021-06-23 15:20:00,2819.0,NSE,2819.95,2814.3,2815.0,METHEA,1106
350,2021-06-23 15:21:00,2818.95,NSE,2820.0,2818.9,2820.0,METHEA,1599
351,2021-06-23 15:22:00,2816.5,NSE,2819.1,2815.25,2819.1,METHEA,1164
352,2021-06-23 15:23:00,2819.9,NSE,2819.95,2815.3,2816.3,METHEA,1430
353,2021-06-23 15:24:00,2816.0,NSE,2819.95,2815.0,2819.9,METHEA,1497
354,2021-06-23 15:25:00,2819.0,NSE,2819.0,2815.9,2816.0,METHEA,297
355,2021-06-23 15:26:00,2818.95,NSE,2819.0,2818.9,2819.0,METHEA,659
356,2021-06-23 15:27:00,2815.95,NSE,2819.0,2814.3,2818.9,METHEA,1494
357,2021-06-23 15:28:00,2808.55,NSE,2817.9,2802.0,2816.5,METHEA,1077
358,2021-06-23 15:29:00,2814.65,NSE,2815.0,2802.6,2805.0,METHEA,422
