,datetime,close,exchange_code,high,low,open,stock_code,volume
0,2021-04-29 09:15:00,679.45,NSE,679.95,677.0,678.0,HDFSTA,77745
1,2021-04-29 09:16:00,679.7,NSE,680.0,679.0,680.0,HDFSTA,44798
2,2021-04-29 09:17:00,679.9,NSE,680.65,679.45,679.9,HDFSTA,52322
3,2021-04-29 09:18:00,679.4,NSE,680.0,678.7,679.65,HDFSTA,30344
4,2021-04-29 09:19:00,680.35,NSE,681.35,679.45,679.45,HDFSTA,32291
5,2021-04-29 09:20:00,680.0,NSE,680.95,680.0,680.35,HDFSTA,17233
6,2021-04-29 09:21:00,679.15,NSE,680.5,679.15,680.5,HDFSTA,19665
7,2021-04-29 09:22:00,678.8,NSE,679.25,678.3,679.25,HDFSTA,23312
8,2021-04-29 09:23:00,679.55,NSE,679.65,678.45,678.8,HDFSTA,20559
9,2021-04-29 09:24:00,679.35,NSE,679.9,679.0,679.55,HDFSTA,13896
10,2021-04-29 09:25:00,678.45,NSE,679.2,678.25,679.2,HDFSTA,9805
11,2021-04-29 09:26:00,678.2,NSE,678.5,678.15,678.3,HDFSTA,10617
12,2021-04-29 09:27:00,676.7,NSE,678.5,676.0,678.5,HDFSTA,23364
13,2021-04-29 09:28:00,674.5,NSE,677.0,674.1,676.55,HDFSTA,75797
14,2021-04-29 09:29:00,674.8,NSE,675.0,674.25,674.45,HDFSTA,27280
15,2021-04-29 09:30:00,675.0,NSE,675.0,674.55,674.85,HDFSTA,32762
16,2021-04-29 09:31:00,675.0,NSE,675.45,674.8,674.95,HDFSTA,21976
17,2021-04-29 09:32:00,675.0,NSE,675.3,674.6,675.3,HDFSTA,9049
18,2021-04-29 09:33:00,675.35,NSE,675.4,674.75,674.75,HDFSTA,10498
19,2021-04-29 09:34:00,674.95,NSE,675.0,674.55,675.0,HDFSTA,12930
20,2021-04-29 09:35:00,675.0,NSE,675.0,674.8,674.95,HDFSTA,26953
21,2021-04-29 09:36:00,674.85,NSE,675.0,674.6,674.85,HDFSTA,9380
22,2021-04-29 09:37:00,675.0,NSE,675.0,674.65,674.85,HDFSTA,4898
23,2021-04-29 09:38:00,673.35,NSE,675.1,673.35,675.0,HDFSTA,22027
24,2021-04-29 09:39:00,673.95,NSE,674.2,673.0,673.7,HDFSTA,18956
25,2021-04-29 09:40:00,673.7,NSE,674.25,673.45,673.95,HDFSTA,9499
26,2021-04-29 09:41:00,674.0,NSE,674.1,673.7,673.7,HDFSTA,14090
27,2021-04-29 09:42:00,672.2,NSE,674.1,672.15,674.1,HDFSTA,24588
28,2021-04-29 09:43:00,673.25,NSE,673.25,672.2,672.5,HDFSTA,9619
29,2021-04-29 09:44:00,673.6,NSE,673.6,672.55,673.2,HDFSTA,13121
30,2021-04-29 09:45:00,674.75,NSE,675.0,673.3,673.5,HDFSTA,14776
31,2021-04-29 09:46:00,674.95,NSE,675.0,674.05,674.75,HDFSTA,36444
32,2021-04-29 09:47:00,674.75,NSE,675.6,674.6,674.95,HDFSTA,18209
33,2021-04-29 09:48:00,673.65,NSE,675.2,673.65,674.25,HDFSTA,32408
34,2021-04-29 09:49:00,674.7,NSE,674.7,673.0,673.75,HDFSTA,21936
35,2021-04-29 09:50:00,675.0,NSE,675.15,674.7,674.7,HDFSTA,28742
36,2021-04-29 09:51:00,675.45,NSE,675.6,674.25,674.6,HDFSTA,18939
37,2021-04-29 09:52:00,676.05,NSE,676.4,675.4,675.6,HDFSTA,22477
38,2021-04-29 09:53:00,675.75,NSE,676.6,675.7,676.3,HDFSTA,204671
39,2021-04-29 09:54:00,675.0,NSE,675.65,675.0,675.5,HDFSTA,9419
40,2021-04-29 09:55:00,674.6,NSE,675.15,674.6,675.15,HDFSTA,20967
41,2021-04-29 09:56:00,674.0,NSE,674.75,673.7,674.75,HDFSTA,10981
42,2021-04-29 09:57:00,674.3,NSE,674.5,674.05,674.15,HDFSTA,4529
43,2021-04-29 09:58:00,674.45,NSE,675.0,674.15,674.3,HDFSTA,9762
44,2021-04-29 09:59:00,675.0,NSE,675.0,674.45,674.5,HDFSTA,7648
45,2021-04-29 10:00:00,675.0,NSE,675.0,674.2,675.0,HDFSTA,7101
46,2021-04-29 10:01:00,675.05,NSE,675.05,674.85,675.0,HDFSTA,11247
47,2021-04-29 10:02:00,675.0,NSE,675.2,674.25,675.05,HDFSTA,16894
48,2021-04-29 10:03:00,675.0,NSE,675.4,674.6,675.4,HDFSTA,4637
49,2021-04-29 10:04:00,675.3,NSE,675.3,674.5,674.9,HDFSTA,5907
50,2021-04-29 10:05:00,675.25,NSE,675.4,674.75,675.3,HDFSTA,4395
51,2021-04-29 10:06:00,675.35,NSE,675.5,675.0,675.1,HDFSTA,3556
52,2021-04-29 10:07:00,675.3,NSE,675.4,674.65,675.35,HDFSTA,4461
53,2021-04-29 10:08:00,673.9,NSE,675.4,673.7,675.4,HDFSTA,15208
54,2021-04-29 10:09:00,674.05,NSE,674.35,673.65,674.05,HDFSTA,6710
55,2021-04-29 10:10:00,674.25,NSE,674.7,674.0,674.05,HDFSTA,4544
56,2021-04-29 10:11:00,674.15,NSE,674.65,674.0,674.25,HDFSTA,7459
57,2021-04-29 10:12:00,674.0,NSE,674.35,674.0,674.3,HDFSTA,5176
58,2021-04-29 10:13:00,674.35,NSE,674.4,673.7,674.35,HDFSTA,9996
59,2021-04-29 10:14:00,674.5,NSE,674.75,674.3,674.3,HDFSTA,4487
60,2021-04-29 10:15:00,674.35,NSE,674.75,674.0,674.6,HDFSTA,8442
61,2021-04-29 10:16:00,675.2,NSE,675.2,674.1,674.45,HDFSTA,13832
62,2021-04-29 10:17:00,675.2,NSE,675.5,674.9,675.2,HDFSTA,6289
63,2021-04-29 10:18:00,675.0,NSE,675.5,675.0,675.2,HDFSTA,7414
64,2021-04-29 10:19:00,675.45,NSE,675.5,674.7,675.05,HDFSTA,6977
65,2021-04-29 10:20:00,675.5,NSE,676.0,675.1,675.45,HDFSTA,10279
66,2021-04-29 10:21:00,675.5,NSE,676.0,675.2,675.95,HDFSTA,6836
67,2021-04-29 10:22:00,675.1,NSE,675.8,675.0,675.2,HDFSTA,115413
68,2021-04-29 10:23:00,675.75,NSE,675.75,675.1,675.3,HDFSTA,9286
69,2021-04-29 10:24:00,675.5,NSE,675.95,675.45,675.85,HDFSTA,4200
70,2021-04-29 10:25:00,675.8,NSE,675.9,675.45,675.5,HDFSTA,4115
71,2021-04-29 10:26:00,675.9,NSE,675.9,675.5,675.8,HDFSTA,4095
72,2021-04-29 10:27:00,675.95,NSE,676.0,675.5,675.9,HDFSTA,4058
73,2021-04-29 10:28:00,675.3,NSE,675.9,675.0,675.9,HDFSTA,201304
74,2021-04-29 10:29:00,675.35,NSE,675.5,675.05,675.2,HDFSTA,3066
75,2021-04-29 10:30:00,675.45,NSE,675.5,675.35,675.35,HDFSTA,3166
76,2021-04-29 10:31:00,675.55,NSE,675.9,675.35,675.35,HDFSTA,5514
77,2021-04-29 10:32:00,675.0,NSE,675.5,675.0,675.5,HDFSTA,6553
78,2021-04-29 10:33:00,675.0,NSE,675.25,675.0,675.1,HDFSTA,9288
79,2021-04-29 10:34:00,675.5,NSE,675.5,675.0,675.25,HDFSTA,5040
80,2021-04-29 10:35:00,675.6,NSE,675.6,675.25,675.5,HDFSTA,2541
81,2021-04-29 10:36:00,675.5,NSE,675.8,675.2,675.8,HDFSTA,24277
82,2021-04-29 10:37:00,675.5,NSE,675.6,675.15,675.45,HDFSTA,4092
83,2021-04-29 10:38:00,675.35,NSE,675.9,675.2,675.4,HDFSTA,4893
84,2021-04-29 10:39:00,675.1,NSE,675.5,675.0,675.35,HDFSTA,3682
85,2021-04-29 10:40:00,675.4,NSE,675.5,675.0,675.2,HDFSTA,2869
86,2021-04-29 10:41:00,675.45,NSE,676.0,675.1,675.3,HDFSTA,10238
87,2021-04-29 10:42:00,675.75,NSE,675.85,675.5,675.5,HDFSTA,2993
88,2021-04-29 10:43:00,675.8,NSE,675.8,675.35,675.75,HDFSTA,3579
89,2021-04-29 10:44:00,675.75,NSE,675.8,675.35,675.8,HDFSTA,4002
90,2021-04-29 10:45:00,675.3,NSE,675.6,675.0,675.6,HDFSTA,6866
91,2021-04-29 10:46:00,675.75,NSE,675.75,675.2,675.3,HDFSTA,3444
92,2021-04-29 10:47:00,675.15,NSE,675.9,675.0,675.8,HDFSTA,3269
93,2021-04-29 10:48:00,675.1,NSE,675.65,675.0,675.15,HDFSTA,5827
94,2021-04-29 10:49:00,675.0,NSE,675.3,675.0,675.1,HDFSTA,2453
95,2021-04-29 10:50:00,675.05,NSE,675.35,675.0,675.0,HDFSTA,5341
96,2021-04-29 10:51:00,675.3,NSE,675.3,675.0,675.2,HDFSTA,17816
97,2021-04-29 10:52:00,675.15,NSE,675.5,675.0,675.5,HDFSTA,7562
98,2021-04-29 10:53:00,674.7,NSE,675.15,674.55,675.15,HDFSTA,5538
99,2021-04-29 10:54:00,674.05,NSE,674.75,674.05,674.55,HDFSTA,5590
100,2021-04-29 10:55:00,675.2,NSE,675.5,674.05,674.05,HDFSTA,147612
101,2021-04-29 10:56:00,675.75,NSE,675.8,675.25,675.25,HDFSTA,4408
102,2021-04-29 10:57:00,675.75,NSE,676.0,675.4,675.8,HDFSTA,5804
103,2021-04-29 10:58:00,675.65,NSE,676.0,675.65,675.95,HDFSTA,4318
104,2021-04-29 10:59:00,675.8,NSE,675.9,675.5,675.85,HDFSTA,2925
105,2021-04-29 11:00:00,676.5,NSE,676.55,675.8,675.8,HDFSTA,23752
106,2021-04-29 11:01:00,676.2,NSE,676.95,676.1,676.5,HDFSTA,14189
107,2021-04-29 11:02:00,675.85,NSE,676.1,675.2,675.7,HDFSTA,7037
108,2021-04-29 11:03:00,675.45,NSE,676.0,675.15,675.85,HDFSTA,3669
109,2021-04-29 11:04:00,675.75,NSE,675.75,675.15,675.2,HDFSTA,1363
110,2021-04-29 11:05:00,675.75,NSE,675.75,675.3,675.55,HDFSTA,2765
111,2021-04-29 11:06:00,675.55,NSE,676.0,675.55,675.65,HDFSTA,3932
112,2021-04-29 11:07:00,675.15,NSE,675.85,675.0,675.55,HDFSTA,3461
113,2021-04-29 11:08:00,675.4,NSE,675.5,675.1,675.1,HDFSTA,1935
114,2021-04-29 11:09:00,675.5,NSE,675.65,675.4,675.5,HDFSTA,2285
115,2021-04-29 11:10:00,675.75,NSE,676.0,675.4,675.65,HDFSTA,4931
116,2021-04-29 11:11:00,675.2,NSE,675.8,675.1,675.8,HDFSTA,4944
117,2021-04-29 11:12:00,675.5,NSE,675.7,675.2,675.2,HDFSTA,2235
118,2021-04-29 11:13:00,675.6,NSE,675.9,675.5,675.6,HDFSTA,3074
119,2021-04-29 11:14:00,675.45,NSE,675.7,675.45,675.6,HDFSTA,5200
120,2021-04-29 11:15:00,675.45,NSE,675.65,675.2,675.5,HDFSTA,5140
121,2021-04-29 11:16:00,675.85,NSE,675.95,675.45,675.5,HDFSTA,7048
122,2021-04-29 11:17:00,676.0,NSE,676.0,675.6,675.8,HDFSTA,1951
123,2021-04-29 11:18:00,675.8,NSE,676.0,675.8,675.9,HDFSTA,1212
124,2021-04-29 11:19:00,676.5,NSE,676.5,675.55,675.85,HDFSTA,11589
125,2021-04-29 11:20:00,675.95,NSE,676.5,675.7,676.45,HDFSTA,4783
126,2021-04-29 11:21:00,675.85,NSE,676.0,675.8,675.95,HDFSTA,2295
127,2021-04-29 11:22:00,676.0,NSE,676.0,675.85,675.95,HDFSTA,1467
128,2021-04-29 11:23:00,676.0,NSE,676.2,675.9,675.95,HDFSTA,3173
129,2021-04-29 11:24:00,675.9,NSE,676.45,675.85,675.95,HDFSTA,5411
130,2021-04-29 11:25:00,676.05,NSE,676.2,675.6,675.9,HDFSTA,6334
131,2021-04-29 11:26:00,676.15,NSE,676.2,676.0,676.0,HDFSTA,1724
132,2021-04-29 11:27:00,676.6,NSE,677.0,676.15,676.15,HDFSTA,8378
133,2021-04-29 11:28:00,676.65,NSE,676.75,676.0,676.75,HDFSTA,4096
134,2021-04-29 11:29:00,676.1,NSE,676.6,676.05,676.6,HDFSTA,3981
135,2021-04-29 11:30:00,676.15,NSE,676.4,676.0,676.15,HDFSTA,3794
136,2021-04-29 11:31:00,676.35,NSE,676.55,676.15,676.15,HDFSTA,6812
137,2021-04-29 11:32:00,677.3,NSE,677.35,676.5,676.75,HDFSTA,9632
138,2021-04-29 11:33:00,677.2,NSE,677.45,677.0,677.3,HDFSTA,5945
139,2021-04-29 11:34:00,677.5,NSE,678.1,677.05,677.2,HDFSTA,34025
140,2021-04-29 11:35:00,677.5,NSE,677.85,677.05,677.85,HDFSTA,6880
141,2021-04-29 11:36:00,677.25,NSE,677.55,677.0,677.2,HDFSTA,2235
142,2021-04-29 11:37:00,677.4,NSE,677.5,677.1,677.25,HDFSTA,4048
143,2021-04-29 11:38:00,677.25,NSE,677.45,677.25,677.4,HDFSTA,3586
144,2021-04-29 11:39:00,677.05,NSE,677.35,676.7,677.3,HDFSTA,5553
145,2021-04-29 11:40:00,676.95,NSE,677.2,676.6,677.05,HDFSTA,2514
146,2021-04-29 11:41:00,675.9,NSE,676.7,675.9,676.7,HDFSTA,10823
147,2021-04-29 11:42:00,676.0,NSE,676.2,675.85,675.9,HDFSTA,2166
148,2021-04-29 11:43:00,676.05,NSE,676.5,676.0,676.0,HDFSTA,2590
149,2021-04-29 11:44:00,675.95,NSE,676.2,675.9,676.05,HDFSTA,2669
150,2021-04-29 11:45:00,675.8,NSE,676.2,675.8,675.95,HDFSTA,1734
151,2021-04-29 11:46:00,675.95,NSE,676.0,675.8,675.8,HDFSTA,1181
152,2021-04-29 11:47:00,675.75,NSE,676.0,675.65,675.9,HDFSTA,2632
153,2021-04-29 11:48:00,675.7,NSE,675.85,675.6,675.65,HDFSTA,1315
154,2021-04-29 11:49:00,675.35,NSE,675.75,675.35,675.75,HDFSTA,2213
155,2021-04-29 11:50:00,675.5,NSE,675.5,675.25,675.35,HDFSTA,3745
156,2021-04-29 11:51:00,675.95,NSE,675.95,675.4,675.4,HDFSTA,3717
157,2021-04-29 11:52:00,675.55,NSE,676.0,675.55,675.7,HDFSTA,2377
158,2021-04-29 11:53:00,675.4,NSE,675.75,675.4,675.55,HDFSTA,1293
159,2021-04-29 11:54:00,675.45,NSE,675.85,675.35,675.4,HDFSTA,4535
160,2021-04-29 11:55:00,675.7,NSE,675.85,675.4,675.5,HDFSTA,1701
161,2021-04-29 11:56:00,675.0,NSE,675.7,675.0,675.5,HDFSTA,7294
162,2021-04-29 11:57:00,674.25,NSE,675.05,674.1,675.05,HDFSTA,22311
163,2021-04-29 11:58:00,674.7,NSE,675.25,674.3,674.5,HDFSTA,3015
164,2021-04-29 11:59:00,674.65,NSE,675.0,674.5,674.7,HDFSTA,2108
165,2021-04-29 12:00:00,674.7,NSE,675.0,674.65,674.85,HDFSTA,1836
166,2021-04-29 12:01:00,675.0,NSE,675.0,674.7,675.0,HDFSTA,1434
167,2021-04-29 12:02:00,675.3,NSE,675.8,674.9,675.0,HDFSTA,2900
168,2021-04-29 12:03:00,675.75,NSE,675.85,675.35,675.6,HDFSTA,1513
169,2021-04-29 12:04:00,675.25,NSE,675.75,675.25,675.55,HDFSTA,3032
170,2021-04-29 12:05:00,675.6,NSE,675.95,675.25,675.45,HDFSTA,1597
171,2021-04-29 12:06:00,675.65,NSE,676.0,675.6,675.95,HDFSTA,1194
172,2021-04-29 12:07:00,675.8,NSE,675.9,675.6,675.7,HDFSTA,995
173,2021-04-29 12:08:00,675.65,NSE,676.0,675.6,675.8,HDFSTA,2787
174,2021-04-29 12:09:00,675.5,NSE,676.0,675.5,675.75,HDFSTA,1315
175,2021-04-29 12:10:00,675.3,NSE,675.55,675.0,675.5,HDFSTA,3077
176,2021-04-29 12:11:00,675.3,NSE,675.5,675.3,675.4,HDFSTA,1792
177,2021-04-29 12:12:00,675.5,NSE,675.75,675.3,675.5,HDFSTA,2820
178,2021-04-29 12:13:00,675.55,NSE,675.6,675.5,675.6,HDFSTA,2709
179,2021-04-29 12:14:00,675.6,NSE,675.7,675.35,675.6,HDFSTA,2236
180,2021-04-29 12:15:00,675.6,NSE,675.8,675.35,675.6,HDFSTA,2362
181,2021-04-29 12:16:00,675.2,NSE,675.95,675.0,675.95,HDFSTA,134604
182,2021-04-29 12:17:00,675.5,NSE,675.5,675.05,675.3,HDFSTA,950
183,2021-04-29 12:18:00,675.35,NSE,675.5,675.3,675.5,HDFSTA,2342
184,2021-04-29 12:19:00,675.2,NSE,675.5,675.0,675.3,HDFSTA,2814
185,2021-04-29 12:20:00,674.75,NSE,675.45,674.65,675.2,HDFSTA,18817
186,2021-04-29 12:21:00,674.5,NSE,674.75,674.15,674.75,HDFSTA,10331
187,2021-04-29 12:22:00,674.35,NSE,674.85,674.3,674.5,HDFSTA,1514
188,2021-04-29 12:23:00,674.4,NSE,674.5,674.3,674.45,HDFSTA,2057
189,2021-04-29 12:24:00,675.0,NSE,675.0,674.35,674.35,HDFSTA,3448
190,2021-04-29 12:25:00,674.7,NSE,675.0,674.4,675.0,HDFSTA,3516
191,2021-04-29 12:26:00,674.95,NSE,675.0,674.55,674.7,HDFSTA,5380
192,2021-04-29 12:27:00,674.8,NSE,675.0,674.7,675.0,HDFSTA,2877
193,2021-04-29 12:28:00,674.8,NSE,675.0,674.05,674.8,HDFSTA,12985
194,2021-04-29 12:29:00,674.8,NSE,675.0,674.6,674.6,HDFSTA,966
195,2021-04-29 12:30:00,674.65,NSE,675.0,674.65,675.0,HDFSTA,6622
196,2021-04-29 12:31:00,674.95,NSE,675.0,674.6,674.65,HDFSTA,948
197,2021-04-29 12:32:00,674.8,NSE,675.0,674.6,674.6,HDFSTA,6707
198,2021-04-29 12:33:00,674.75,NSE,675.0,674.65,674.9,HDFSTA,3043
199,2021-04-29 12:34:00,675.0,NSE,675.0,674.75,674.9,HDFSTA,1198
200,2021-04-29 12:35:00,674.85,NSE,675.0,674.2,674.8,HDFSTA,5446
201,2021-04-29 12:36:00,674.85,NSE,674.95,674.45,674.85,HDFSTA,1129
202,2021-04-29 12:37:00,674.85,NSE,674.95,674.45,674.9,HDFSTA,2086
203,2021-04-29 12:38:00,674.45,NSE,674.95,674.4,674.85,HDFSTA,1856
204,2021-04-29 12:39:00,674.2,NSE,674.7,674.1,674.65,HDFSTA,4200
205,2021-04-29 12:40:00,674.9,NSE,674.9,674.1,674.5,HDFSTA,1060
206,2021-04-29 12:41:00,674.7,NSE,674.9,674.6,674.9,HDFSTA,1431
207,2021-04-29 12:42:00,674.85,NSE,674.95,674.55,674.7,HDFSTA,1546
208,2021-04-29 12:43:00,674.35,NSE,675.0,674.2,674.95,HDFSTA,13656
209,2021-04-29 12:44:00,674.15,NSE,674.75,674.15,674.35,HDFSTA,3488
210,2021-04-29 12:45:00,674.4,NSE,674.75,674.15,674.15,HDFSTA,1620
211,2021-04-29 12:46:00,674.3,NSE,674.95,674.15,674.65,HDFSTA,4037
212,2021-04-29 12:47:00,674.3,NSE,674.5,674.05,674.45,HDFSTA,1839
213,2021-04-29 12:48:00,674.65,NSE,674.65,674.3,674.3,HDFSTA,3182
214,2021-04-29 12:49:00,674.95,NSE,675.0,674.15,674.6,HDFSTA,12399
215,2021-04-29 12:50:00,674.95,NSE,675.0,674.8,674.95,HDFSTA,2336
216,2021-04-29 12:51:00,675.0,NSE,675.0,674.85,674.95,HDFSTA,8187
217,2021-04-29 12:52:00,675.0,NSE,675.0,674.9,675.0,HDFSTA,4202
218,2021-04-29 12:53:00,675.0,NSE,675.0,674.8,675.0,HDFSTA,5468
219,2021-04-29 12:54:00,675.0,NSE,675.0,674.9,674.9,HDFSTA,4814
220,2021-04-29 12:55:00,674.85,NSE,675.0,674.8,674.85,HDFSTA,2603
221,2021-04-29 12:56:00,674.75,NSE,675.0,674.75,674.85,HDFSTA,7333
222,2021-04-29 12:57:00,674.95,NSE,675.0,674.65,674.9,HDFSTA,1956
223,2021-04-29 12:58:00,674.95,NSE,675.0,674.7,674.95,HDFSTA,11836
224,2021-04-29 12:59:00,674.8,NSE,675.0,674.7,675.0,HDFSTA,1560
225,2021-04-29 13:00:00,674.9,NSE,675.0,674.5,674.95,HDFSTA,4492
226,2021-04-29 13:01:00,675.0,NSE,675.0,674.9,675.0,HDFSTA,1544
227,2021-04-29 13:02:00,674.65,NSE,675.0,674.65,674.95,HDFSTA,6457
228,2021-04-29 13:03:00,674.9,NSE,675.0,674.65,674.85,HDFSTA,1550
229,2021-04-29 13:04:00,675.0,NSE,675.0,674.9,674.95,HDFSTA,1490
230,2021-04-29 13:05:00,675.0,NSE,675.0,674.95,674.95,HDFSTA,3250
231,2021-04-29 13:06:00,675.0,NSE,675.0,674.95,675.0,HDFSTA,2109
232,2021-04-29 13:07:00,674.8,NSE,675.0,674.35,675.0,HDFSTA,2126
233,2021-04-29 13:08:00,675.0,NSE,675.0,674.45,674.8,HDFSTA,785
234,2021-04-29 13:09:00,674.7,NSE,675.0,674.5,674.95,HDFSTA,1716
235,2021-04-29 13:10:00,674.3,NSE,674.75,674.3,674.75,HDFSTA,2599
236,2021-04-29 13:11:00,674.25,NSE,674.75,674.25,674.6,HDFSTA,2051
237,2021-04-29 13:12:00,674.5,NSE,674.65,674.25,674.35,HDFSTA,2978
238,2021-04-29 13:13:00,674.5,NSE,674.55,674.0,674.5,HDFSTA,11913
239,2021-04-29 13:14:00,674.45,NSE,674.6,674.25,674.45,HDFSTA,994
240,2021-04-29 13:15:00,674.15,NSE,674.5,674.1,674.5,HDFSTA,4481
241,2021-04-29 13:16:00,674.4,NSE,674.45,674.1,674.15,HDFSTA,4228
242,2021-04-29 13:17:00,674.7,NSE,674.95,674.4,674.4,HDFSTA,3832
243,2021-04-29 13:18:00,674.85,NSE,674.95,674.7,674.9,HDFSTA,1234
244,2021-04-29 13:19:00,674.95,NSE,674.95,674.55,674.85,HDFSTA,3027
245,2021-04-29 13:20:00,674.9,NSE,675.0,674.8,674.95,HDFSTA,20011
246,2021-04-29 13:21:00,674.95,NSE,675.0,674.9,675.0,HDFSTA,4541
247,2021-04-29 13:22:00,675.0,NSE,675.0,674.85,675.0,HDFSTA,2674
248,2021-04-29 13:23:00,674.5,NSE,675.0,674.4,675.0,HDFSTA,655
249,2021-04-29 13:24:00,674.85,NSE,675.0,674.5,674.75,HDFSTA,2693
250,2021-04-29 13:25:00,675.0,NSE,675.0,674.65,674.85,HDFSTA,1194
251,2021-04-29 13:26:00,674.95,NSE,675.0,674.75,674.95,HDFSTA,1301
252,2021-04-29 13:27:00,674.3,NSE,675.0,674.3,675.0,HDFSTA,3172
253,2021-04-29 13:28:00,674.0,NSE,674.5,673.5,674.5,HDFSTA,15958
254,2021-04-29 13:29:00,673.75,NSE,674.0,673.7,674.0,HDFSTA,1874
255,2021-04-29 13:30:00,673.5,NSE,674.0,673.3,674.0,HDFSTA,6046
256,2021-04-29 13:31:00,673.95,NSE,674.45,673.5,673.5,HDFSTA,8730
257,2021-04-29 13:32:00,674.0,NSE,674.0,673.8,673.95,HDFSTA,4609
258,2021-04-29 13:33:00,674.4,NSE,674.45,673.95,674.0,HDFSTA,8203
259,2021-04-29 13:34:00,674.55,NSE,674.85,674.25,674.5,HDFSTA,1828
260,2021-04-29 13:35:00,674.35,NSE,674.9,674.15,674.6,HDFSTA,2253
261,2021-04-29 13:36:00,674.9,NSE,674.9,674.65,674.65,HDFSTA,1341
262,2021-04-29 13:37:00,674.95,NSE,674.95,674.45,674.9,HDFSTA,2955
263,2021-04-29 13:38:00,674.9,NSE,674.95,674.55,674.95,HDFSTA,1152
264,2021-04-29 13:39:00,674.9,NSE,675.0,674.55,674.95,HDFSTA,12806
265,2021-04-29 13:40:00,675.0,NSE,675.0,674.55,674.9,HDFSTA,1816
266,2021-04-29 13:41:00,674.95,NSE,675.0,674.95,675.0,HDFSTA,4542
267,2021-04-29 13:42:00,674.55,NSE,675.0,674.55,675.0,HDFSTA,1341
268,2021-04-29 13:43:00,674.9,NSE,674.95,674.6,674.6,HDFSTA,2443
269,2021-04-29 13:44:00,674.8,NSE,675.0,674.8,674.9,HDFSTA,2539
270,2021-04-29 13:45:00,674.65,NSE,674.95,673.85,674.95,HDFSTA,5862
271,2021-04-29 13:46:00,674.85,NSE,675.0,674.45,674.5,HDFSTA,2505
272,2021-04-29 13:47:00,674.45,NSE,674.85,673.65,674.85,HDFSTA,8551
273,2021-04-29 13:48:00,674.75,NSE,674.85,674.6,674.75,HDFSTA,2660
274,2021-04-29 13:49:00,674.8,NSE,674.9,674.5,674.6,HDFSTA,1272
275,2021-04-29 13:50:00,674.75,NSE,674.95,674.6,674.8,HDFSTA,7322
276,2021-04-29 13:51:00,674.95,NSE,674.95,674.75,674.95,HDFSTA,3234
277,2021-04-29 13:52:00,675.0,NSE,675.85,674.8,674.8,HDFSTA,14694
278,2021-04-29 13:53:00,674.5,NSE,675.0,674.15,675.0,HDFSTA,4981
279,2021-04-29 13:54:00,674.6,NSE,674.95,674.45,674.55,HDFSTA,4763
280,2021-04-29 13:55:00,674.75,NSE,674.8,674.3,674.6,HDFSTA,3269
281,2021-04-29 13:56:00,673.9,NSE,674.75,673.9,674.75,HDFSTA,4244
282,2021-04-29 13:57:00,674.4,NSE,674.5,673.8,674.2,HDFSTA,4221
283,2021-04-29 13:58:00,674.65,NSE,674.7,674.1,674.1,HDFSTA,2455
284,2021-04-29 13:59:00,674.1,NSE,674.5,674.1,674.4,HDFSTA,3728
285,2021-04-29 14:00:00,674.5,NSE,674.5,674.1,674.3,HDFSTA,1069
286,2021-04-29 14:01:00,674.2,NSE,674.5,674.05,674.35,HDFSTA,3589
287,2021-04-29 14:02:00,673.9,NSE,674.35,673.9,674.35,HDFSTA,2510
288,2021-04-29 14:03:00,673.8,NSE,674.0,673.8,674.0,HDFSTA,2471
289,2021-04-29 14:04:00,673.9,NSE,674.25,673.85,673.95,HDFSTA,3922
290,2021-04-29 14:05:00,674.25,NSE,674.5,674.0,674.2,HDFSTA,1579
291,2021-04-29 14:06:00,674.45,NSE,674.55,674.25,674.4,HDFSTA,1887
292,2021-04-29 14:07:00,674.25,NSE,674.5,674.05,674.45,HDFSTA,1682
293,2021-04-29 14:08:00,674.1,NSE,674.4,674.0,674.25,HDFSTA,3114
294,2021-04-29 14:09:00,674.4,NSE,674.45,673.55,674.1,HDFSTA,4304
295,2021-04-29 14:10:00,674.9,NSE,675.0,674.1,674.4,HDFSTA,7002
296,2021-04-29 14:11:00,674.65,NSE,675.0,674.55,674.9,HDFSTA,2687
297,2021-04-29 14:12:00,674.8,NSE,674.95,674.55,674.85,HDFSTA,1640
298,2021-04-29 14:13:00,674.9,NSE,674.95,674.75,674.9,HDFSTA,1288
299,2021-04-29 14:14:00,674.55,NSE,674.95,674.55,674.9,HDFSTA,1902
300,2021-04-29 14:15:00,674.85,NSE,674.9,674.2,674.6,HDFSTA,5081
301,2021-04-29 14:16:00,674.55,NSE,674.85,674.25,674.7,HDFSTA,1866
302,2021-04-29 14:17:00,674.5,NSE,674.9,674.45,674.55,HDFSTA,3370
303,2021-04-29 14:18:00,674.85,NSE,674.9,674.55,674.65,HDFSTA,1566
304,2021-04-29 14:19:00,674.85,NSE,674.85,674.8,674.85,HDFSTA,2229
305,2021-04-29 14:20:00,674.85,NSE,674.9,674.8,674.85,HDFSTA,4654
306,2021-04-29 14:21:00,674.5,NSE,674.95,674.4,674.85,HDFSTA,3470
307,2021-04-29 14:22:00,674.25,NSE,674.9,674.2,674.5,HDFSTA,2289
308,2021-04-29 14:23:00,674.85,NSE,674.9,674.25,674.65,HDFSTA,4023
309,2021-04-29 14:24:00,674.6,NSE,674.9,674.6,674.9,HDFSTA,2442
310,2021-04-29 14:25:00,674.6,NSE,674.85,674.35,674.85,HDFSTA,2933
311,2021-04-29 14:26:00,674.7,NSE,674.8,674.5,674.7,HDFSTA,1615
312,2021-04-29 14:27:00,674.6,NSE,674.8,674.6,674.8,HDFSTA,2299
313,2021-04-29 14:28:00,674.7,NSE,674.75,674.6,674.7,HDFSTA,5578
314,2021-04-29 14:29:00,674.9,NSE,675.0,674.7,674.75,HDFSTA,4994
315,2021-04-29 14:30:00,674.65,NSE,674.9,674.65,674.9,HDFSTA,6199
316,2021-04-29 14:31:00,675.1,NSE,675.1,674.6,674.7,HDFSTA,18375
317,2021-04-29 14:32:00,674.75,NSE,675.15,674.5,674.95,HDFSTA,4089
318,2021-04-29 14:33:00,674.8,NSE,674.9,674.55,674.55,HDFSTA,1039
319,2021-04-29 14:34:00,674.9,NSE,675.0,674.6,674.8,HDFSTA,2280
320,2021-04-29 14:35:00,674.95,NSE,675.0,674.9,675.0,HDFSTA,2939
321,2021-04-29 14:36:00,674.95,NSE,674.95,674.9,674.95,HDFSTA,3699
322,2021-04-29 14:37:00,674.9,NSE,675.0,674.75,674.95,HDFSTA,3933
323,2021-04-29 14:38:00,674.65,NSE,674.9,674.65,674.9,HDFSTA,3094
324,2021-04-29 14:39:00,674.7,NSE,674.85,674.55,674.85,HDFSTA,1550
325,2021-04-29 14:40:00,674.5,NSE,674.9,674.5,674.7,HDFSTA,2723
326,2021-04-29 14:41:00,674.3,NSE,674.65,674.2,674.5,HDFSTA,2369
327,2021-04-29 14:42:00,674.3,NSE,674.7,674.25,674.25,HDFSTA,2097
328,2021-04-29 14:43:00,674.5,NSE,674.7,674.15,674.3,HDFSTA,3901
329,2021-04-29 14:44:00,674.45,NSE,674.7,674.3,674.6,HDFSTA,3135
330,2021-04-29 14:45:00,674.7,NSE,674.7,674.2,674.45,HDFSTA,2451
331,2021-04-29 14:46:00,674.45,NSE,674.8,674.3,674.7,HDFSTA,5659
332,2021-04-29 14:47:00,674.45,NSE,674.7,674.15,674.45,HDFSTA,1648
333,2021-04-29 14:48:00,674.25,NSE,674.5,674.25,674.5,HDFSTA,1590
334,2021-04-29 14:49:00,674.8,NSE,674.95,674.25,674.5,HDFSTA,1933
335,2021-04-29 14:50:00,674.8,NSE,674.95,674.25,674.6,HDFSTA,8153
336,2021-04-29 14:51:00,674.9,NSE,675.0,674.45,674.8,HDFSTA,21374
337,2021-04-29 14:52:00,674.9,NSE,675.0,674.6,674.9,HDFSTA,16585
338,2021-04-29 14:53:00,674.9,NSE,675.0,674.75,674.9,HDFSTA,14315
339,2021-04-29 14:54:00,674.9,NSE,674.95,674.75,674.9,HDFSTA,14335
340,2021-04-29 14:55:00,674.85,NSE,674.9,674.5,674.9,HDFSTA,16032
341,2021-04-29 14:56:00,674.7,NSE,674.9,674.5,674.85,HDFSTA,15922
342,2021-04-29 14:57:00,674.75,NSE,674.9,674.55,674.75,HDFSTA,16590
343,2021-04-29 14:58:00,675.0,NSE,675.0,674.75,674.75,HDFSTA,16002
344,2021-04-29 14:59:00,674.95,NSE,675.0,674.9,675.0,HDFSTA,15774
345,2021-04-29 15:00:00,674.45,NSE,674.9,674.4,674.85,HDFSTA,18933
346,2021-04-29 15:01:00,674.5,NSE,674.5,674.45,674.5,HDFSTA,15945
347,2021-04-29 15:02:00,674.5,NSE,674.5,674.45,674.5,HDFSTA,18574
348,2021-04-29 15:03:00,675.0,NSE,675.0,674.45,674.55,HDFSTA,17906
349,2021-04-29 15:04:00,674.95,NSE,675.0,674.5,675.0,HDFSTA,20950
350,2021-04-29 15:05:00,674.4,NSE,675.0,674.4,675.0,HDFSTA,18647
351,2021-04-29 15:06:00,673.8,NSE,674.75,672.3,674.25,HDFSTA,37915
352,2021-04-29 15:07:00,674.5,NSE,674.5,673.8,673.8,HDFSTA,19925
353,2021-04-29 15:08:00,674.75,NSE,675.0,674.5,674.55,HDFSTA,21632
354,2021-04-29 15:09:00,674.45,NSE,674.9,674.1,674.75,HDFSTA,18536
355,2021-04-29 15:10:00,674.45,NSE,674.75,674.15,674.5,HDFSTA,19329
356,2021-04-29 15:11:00,674.85,NSE,675.0,674.05,674.5,HDFSTA,23100
357,2021-04-29 15:12:00,674.95,NSE,675.0,674.5,674.8,HDFSTA,17582
358,2021-04-29 15:13:00,675.0,NSE,675.0,674.5,674.6,HDFSTA,17430
359,2021-04-29 15:14:00,674.85,NSE,675.0,674.55,674.95,HDFSTA,16230
360,2021-04-29 15:15:00,675.0,NSE,675.0,674.55,674.85,HDFSTA,24594
361,2021-04-29 15:16:00,674.9,NSE,675.0,674.3,674.9,HDFSTA,24866
362,2021-04-29 15:17:00,674.75,NSE,674.9,674.25,674.9,HDFSTA,22942
363,2021-04-29 15:18:00,674.9,NSE,674.9,674.5,674.75,HDFSTA,20083
364,2021-04-29 15:19:00,674.95,NSE,675.0,674.7,674.9,HDFSTA,29123
365,2021-04-29 15:20:00,675.0,NSE,675.0,674.65,675.0,HDFSTA,28832
366,2021-04-29 15:21:00,675.0,NSE,675.0,674.5,675.0,HDFSTA,27708
367,2021-04-29 15:22:00,674.95,NSE,675.0,674.45,675.0,HDFSTA,21638
368,2021-04-29 15:23:00,675.0,NSE,675.0,674.6,674.95,HDFSTA,15872
369,2021-04-29 15:24:00,674.9,NSE,675.0,674.6,674.9,HDFSTA,23711
370,2021-04-29 15:25:00,674.9,NSE,675.0,674.4,675.0,HDFSTA,32520
371,2021-04-29 15:26:00,674.85,NSE,675.0,674.5,674.9,HDFSTA,25826
372,2021-04-29 15:27:00,674.55,NSE,675.0,674.35,675.0,HDFSTA,27434
373,2021-04-29 15:28:00,674.75,NSE,675.0,674.45,674.55,HDFSTA,29867
374,2021-04-29 15:29:00,674.9,NSE,674.9,674.0,674.75,HDFSTA,7016
