,datetime,close,exchange_code,high,low,open,stock_code,volume
0,2023-05-05 09:07:00,382.75,NSE,382.75,382.75,382.75,WIPRO,0
1,2023-05-05 09:15:00,383.65,NSE,384.4,382.8,383.0,WIPRO,45282
2,2023-05-05 09:16:00,383.5,NSE,383.95,383.35,383.65,WIPRO,25865
3,2023-05-05 09:17:00,383.3,NSE,383.9,383.15,383.7,WIPRO,22418
4,2023-05-05 09:18:00,383.25,NSE,383.35,382.8,383.3,WIPRO,14434
5,2023-05-05 09:19:00,383.3,NSE,383.45,383.05,383.1,WIPRO,14866
6,2023-05-05 09:20:00,383.15,NSE,383.4,383.1,383.4,WIPRO,14299
7,2023-05-05 09:21:00,383.5,NSE,383.65,383.1,383.1,WIPRO,8680
8,2023-05-05 09:22:00,383.35,NSE,383.55,383.25,383.45,WIPRO,9277
9,2023-05-05 09:23:00,383.2,NSE,383.5,383.2,383.25,WIPRO,7717
10,2023-05-05 09:24:00,383.2,NSE,383.4,383.1,383.35,WIPRO,17160
11,2023-05-05 09:25:00,383.15,NSE,383.2,382.95,383.2,WIPRO,22754
12,2023-05-05 09:26:00,383.05,NSE,383.2,382.9,383.2,WIPRO,13570
13,2023-05-05 09:27:00,383.55,NSE,383.65,383.05,383.1,WIPRO,9662
14,2023-05-05 09:28:00,382.9,NSE,383.55,382.9,383.55,WIPRO,49484
15,2023-05-05 09:29:00,382.85,NSE,383.0,382.75,382.75,WIPRO,15505
16,2023-05-05 09:30:00,383.0,NSE,383.0,382.85,382.85,WIPRO,55040
17,2023-05-05 09:31:00,383.0,NSE,383.0,382.9,382.9,WIPRO,94850
18,2023-05-05 09:32:00,382.8,NSE,383.0,382.8,383.0,WIPRO,6521
19,2023-05-05 09:33:00,383.0,NSE,383.0,382.8,382.8,WIPRO,4811
20,2023-05-05 09:34:00,382.95,NSE,382.95,382.8,382.95,WIPRO,10390
21,2023-05-05 09:35:00,383.1,NSE,383.15,382.95,382.95,WIPRO,39878
22,2023-05-05 09:36:00,382.9,NSE,383.1,382.9,383.1,WIPRO,22653
23,2023-05-05 09:37:00,382.85,NSE,382.95,382.8,382.85,WIPRO,7255
24,2023-05-05 09:38:00,382.7,NSE,382.85,382.7,382.85,WIPRO,11511
25,2023-05-05 09:39:00,382.65,NSE,382.8,382.6,382.7,WIPRO,8220
26,2023-05-05 09:40:00,382.7,NSE,382.75,382.7,382.75,WIPRO,6494
27,2023-05-05 09:41:00,382.35,NSE,382.65,382.35,382.6,WIPRO,24188
28,2023-05-05 09:42:00,382.2,NSE,382.2,382.1,382.2,WIPRO,12736
29,2023-05-05 09:43:00,381.85,NSE,382.1,381.8,382.1,WIPRO,31544
30,2023-05-05 09:44:00,381.8,NSE,381.85,381.75,381.8,WIPRO,10970
31,2023-05-05 09:45:00,382.05,NSE,382.05,381.7,381.7,WIPRO,45732
32,2023-05-05 09:46:00,382.05,NSE,382.15,382.05,382.05,WIPRO,10054
33,2023-05-05 09:47:00,382.1,NSE,382.25,382.05,382.05,WIPRO,7602
34,2023-05-05 09:48:00,382.25,NSE,382.4,382.15,382.25,WIPRO,5271
35,2023-05-05 09:49:00,382.5,NSE,382.6,382.25,382.5,WIPRO,20417
36,2023-05-05 09:50:00,382.3,NSE,382.4,382.3,382.4,WIPRO,2947
37,2023-05-05 09:51:00,382.4,NSE,382.45,382.25,382.3,WIPRO,6383
38,2023-05-05 09:52:00,382.2,NSE,382.4,382.15,382.4,WIPRO,4262
39,2023-05-05 09:53:00,382.25,NSE,382.3,382.2,382.25,WIPRO,5372
40,2023-05-05 09:54:00,382.35,NSE,382.55,382.3,382.4,WIPRO,8624
41,2023-05-05 09:55:00,382.5,NSE,382.5,382.35,382.5,WIPRO,2310
42,2023-05-05 09:56:00,382.55,NSE,382.6,382.45,382.5,WIPRO,4473
43,2023-05-05 09:57:00,382.65,NSE,382.65,382.5,382.5,WIPRO,3523
44,2023-05-05 09:58:00,382.7,NSE,382.75,382.6,382.65,WIPRO,4183
45,2023-05-05 09:59:00,382.75,NSE,382.75,382.7,382.7,WIPRO,3482
46,2023-05-05 10:00:00,382.7,NSE,382.8,382.7,382.75,WIPRO,11851
47,2023-05-05 10:01:00,383.0,NSE,383.0,382.7,382.75,WIPRO,8466
48,2023-05-05 10:02:00,382.75,NSE,383.0,382.75,383.0,WIPRO,15816
49,2023-05-05 10:03:00,382.8,NSE,382.8,382.8,382.8,WIPRO,4289
50,2023-05-05 10:04:00,382.7,NSE,382.8,382.7,382.75,WIPRO,4629
51,2023-05-05 10:05:00,382.75,NSE,382.8,382.7,382.7,WIPRO,3090
52,2023-05-05 10:06:00,382.7,NSE,382.75,382.7,382.7,WIPRO,3954
53,2023-05-05 10:07:00,382.75,NSE,382.75,382.65,382.65,WIPRO,5518
54,2023-05-05 10:08:00,382.65,NSE,382.75,382.65,382.75,WIPRO,3524
55,2023-05-05 10:09:00,382.65,NSE,382.75,382.65,382.65,WIPRO,6838
56,2023-05-05 10:10:00,382.7,NSE,382.7,382.5,382.65,WIPRO,4773
57,2023-05-05 10:11:00,382.75,NSE,382.8,382.65,382.7,WIPRO,3031
58,2023-05-05 10:12:00,382.85,NSE,382.85,382.7,382.8,WIPRO,3541
59,2023-05-05 10:13:00,382.9,NSE,382.95,382.8,382.85,WIPRO,2405
60,2023-05-05 10:14:00,382.9,NSE,382.95,382.8,382.95,WIPRO,2607
61,2023-05-05 10:15:00,382.75,NSE,382.9,382.6,382.9,WIPRO,3535
62,2023-05-05 10:16:00,382.95,NSE,383.0,382.75,382.75,WIPRO,14743
63,2023-05-05 10:17:00,382.8,NSE,383.0,382.8,383.0,WIPRO,4862
64,2023-05-05 10:18:00,382.9,NSE,382.9,382.8,382.8,WIPRO,3576
65,2023-05-05 10:19:00,382.9,NSE,382.95,382.8,382.95,WIPRO,4927
66,2023-05-05 10:20:00,382.8,NSE,382.95,382.8,382.9,WIPRO,4211
67,2023-05-05 10:21:00,382.9,NSE,382.95,382.8,382.8,WIPRO,5057
68,2023-05-05 10:22:00,382.65,NSE,382.95,382.6,382.9,WIPRO,7989
69,2023-05-05 10:23:00,382.75,NSE,382.75,382.5,382.65,WIPRO,9254
70,2023-05-05 10:24:00,382.75,NSE,382.8,382.7,382.75,WIPRO,2989
71,2023-05-05 10:25:00,382.85,NSE,382.85,382.75,382.8,WIPRO,4253
72,2023-05-05 10:26:00,382.65,NSE,382.85,382.65,382.85,WIPRO,3521
73,2023-05-05 10:27:00,382.7,NSE,382.85,382.65,382.85,WIPRO,2362
74,2023-05-05 10:28:00,382.65,NSE,382.7,382.55,382.7,WIPRO,1995
75,2023-05-05 10:29:00,382.65,NSE,382.65,382.55,382.65,WIPRO,1531
76,2023-05-05 10:30:00,382.7,NSE,382.75,382.55,382.65,WIPRO,3949
77,2023-05-05 10:31:00,382.65,NSE,382.75,382.55,382.6,WIPRO,2527
78,2023-05-05 10:32:00,382.5,NSE,382.7,382.5,382.65,WIPRO,2520
79,2023-05-05 10:33:00,382.6,NSE,382.65,382.55,382.55,WIPRO,2027
80,2023-05-05 10:34:00,382.25,NSE,382.6,382.25,382.55,WIPRO,20201
81,2023-05-05 10:35:00,382.05,NSE,382.2,381.95,382.2,WIPRO,115362
82,2023-05-05 10:36:00,381.95,NSE,382.05,381.95,382.0,WIPRO,8932
83,2023-05-05 10:37:00,382.0,NSE,382.0,381.9,381.95,WIPRO,4986
84,2023-05-05 10:38:00,382.0,NSE,382.15,381.95,382.0,WIPRO,55907
85,2023-05-05 10:39:00,382.05,NSE,382.05,381.9,382.0,WIPRO,12979
86,2023-05-05 10:40:00,382.0,NSE,382.15,381.9,382.05,WIPRO,5425
87,2023-05-05 10:41:00,382.1,NSE,382.15,382.0,382.1,WIPRO,7898
88,2023-05-05 10:42:00,382.0,NSE,382.2,381.9,382.1,WIPRO,26384
89,2023-05-05 10:43:00,381.9,NSE,382.1,381.85,382.1,WIPRO,7805
90,2023-05-05 10:44:00,381.95,NSE,382.0,381.9,381.9,WIPRO,14094
91,2023-05-05 10:45:00,382.0,NSE,382.0,381.9,381.95,WIPRO,9563
92,2023-05-05 10:46:00,382.0,NSE,382.0,381.85,382.0,WIPRO,19246
93,2023-05-05 10:47:00,382.0,NSE,382.0,381.85,382.0,WIPRO,57233
94,2023-05-05 10:48:00,381.95,NSE,382.0,381.8,382.0,WIPRO,5060
95,2023-05-05 10:49:00,381.95,NSE,382.0,381.85,381.85,WIPRO,1855
96,2023-05-05 10:50:00,382.0,NSE,382.05,381.9,381.95,WIPRO,15346
97,2023-05-05 10:51:00,381.9,NSE,382.0,381.9,381.95,WIPRO,18160
98,2023-05-05 10:52:00,382.2,NSE,382.3,381.95,382.0,WIPRO,33153
99,2023-05-05 10:53:00,382.4,NSE,382.45,382.15,382.25,WIPRO,10534
100,2023-05-05 10:54:00,382.1,NSE,382.4,382.1,382.3,WIPRO,2779
101,2023-05-05 10:55:00,382.0,NSE,382.3,381.9,382.3,WIPRO,18581
102,2023-05-05 10:56:00,382.0,NSE,382.0,381.9,382.0,WIPRO,3945
103,2023-05-05 10:57:00,381.9,NSE,382.0,381.8,382.0,WIPRO,5696
104,2023-05-05 10:58:00,381.9,NSE,381.95,381.85,381.9,WIPRO,1376
105,2023-05-05 10:59:00,382.0,NSE,382.0,381.8,381.9,WIPRO,2873
106,2023-05-05 11:00:00,382.0,NSE,382.0,381.9,382.0,WIPRO,4202
107,2023-05-05 11:01:00,381.55,NSE,382.0,381.5,382.0,WIPRO,26064
108,2023-05-05 11:02:00,381.7,NSE,381.7,381.55,381.6,WIPRO,8020
109,2023-05-05 11:03:00,381.3,NSE,381.7,381.3,381.7,WIPRO,12539
110,2023-05-05 11:04:00,381.45,NSE,381.6,381.3,381.35,WIPRO,5731
111,2023-05-05 11:05:00,381.35,NSE,381.45,381.3,381.45,WIPRO,5781
112,2023-05-05 11:06:00,381.35,NSE,381.35,381.25,381.35,WIPRO,3705
113,2023-05-05 11:07:00,381.05,NSE,381.35,380.85,381.35,WIPRO,53955
114,2023-05-05 11:08:00,380.95,NSE,381.05,380.85,381.0,WIPRO,8459
115,2023-05-05 11:09:00,380.95,NSE,381.0,380.85,380.95,WIPRO,3461
116,2023-05-05 11:10:00,380.9,NSE,380.95,380.9,380.95,WIPRO,2266
117,2023-05-05 11:11:00,380.9,NSE,381.0,380.8,380.95,WIPRO,8638
118,2023-05-05 11:12:00,381.0,NSE,381.0,380.9,380.9,WIPRO,5205
119,2023-05-05 11:13:00,381.0,NSE,381.0,380.85,381.0,WIPRO,1842
120,2023-05-05 11:14:00,381.0,NSE,381.3,381.0,381.0,WIPRO,9072
121,2023-05-05 11:15:00,380.75,NSE,381.2,380.75,381.2,WIPRO,13889
122,2023-05-05 11:16:00,380.05,NSE,380.85,380.0,380.85,WIPRO,121037
123,2023-05-05 11:17:00,379.85,NSE,380.0,379.7,379.95,WIPRO,62055
124,2023-05-05 11:18:00,379.9,NSE,380.0,379.75,379.8,WIPRO,16525
125,2023-05-05 11:19:00,379.8,NSE,379.95,379.8,379.8,WIPRO,3983
126,2023-05-05 11:20:00,379.35,NSE,379.85,379.3,379.85,WIPRO,21602
127,2023-05-05 11:21:00,379.4,NSE,379.55,379.15,379.35,WIPRO,25549
128,2023-05-05 11:22:00,379.75,NSE,379.75,379.4,379.55,WIPRO,5816
129,2023-05-05 11:23:00,379.9,NSE,379.9,379.65,379.9,WIPRO,3947
130,2023-05-05 11:24:00,379.95,NSE,380.0,379.6,379.9,WIPRO,5247
131,2023-05-05 11:25:00,379.95,NSE,380.0,379.85,379.95,WIPRO,29321
132,2023-05-05 11:26:00,379.9,NSE,379.95,379.8,379.95,WIPRO,10346
133,2023-05-05 11:27:00,379.85,NSE,379.95,379.75,379.85,WIPRO,5288
134,2023-05-05 11:28:00,380.0,NSE,380.0,379.9,379.95,WIPRO,9956
135,2023-05-05 11:29:00,380.1,NSE,380.1,379.9,380.0,WIPRO,4636
136,2023-05-05 11:30:00,380.25,NSE,380.25,380.1,380.1,WIPRO,4990
137,2023-05-05 11:31:00,380.15,NSE,380.25,380.0,380.25,WIPRO,4117
138,2023-05-05 11:32:00,380.0,NSE,380.0,379.9,380.0,WIPRO,16013
139,2023-05-05 11:33:00,380.0,NSE,380.35,380.0,380.0,WIPRO,62469
140,2023-05-05 11:34:00,379.95,NSE,380.0,379.9,380.0,WIPRO,7609
141,2023-05-05 11:35:00,379.9,NSE,379.95,379.85,379.95,WIPRO,8944
142,2023-05-05 11:36:00,379.95,NSE,380.0,379.8,379.9,WIPRO,2884
143,2023-05-05 11:37:00,380.0,NSE,380.0,379.95,379.95,WIPRO,1964
144,2023-05-05 11:38:00,379.95,NSE,380.0,379.85,380.0,WIPRO,2213
145,2023-05-05 11:39:00,380.0,NSE,380.0,379.95,379.95,WIPRO,5093
146,2023-05-05 11:40:00,380.0,NSE,380.0,379.85,380.0,WIPRO,2932
147,2023-05-05 11:41:00,379.7,NSE,379.9,379.7,379.9,WIPRO,10810
148,2023-05-05 11:42:00,379.9,NSE,379.9,379.6,379.7,WIPRO,2365
149,2023-05-05 11:43:00,379.95,NSE,380.0,379.9,380.0,WIPRO,8347
150,2023-05-05 11:44:00,379.9,NSE,380.0,379.9,380.0,WIPRO,5939
151,2023-05-05 11:45:00,379.95,NSE,380.0,379.85,379.85,WIPRO,3827
152,2023-05-05 11:46:00,379.55,NSE,379.95,379.55,379.95,WIPRO,6390
153,2023-05-05 11:47:00,379.7,NSE,379.9,379.7,379.8,WIPRO,3081
154,2023-05-05 11:48:00,379.7,NSE,379.85,379.6,379.8,WIPRO,3035
155,2023-05-05 11:49:00,379.25,NSE,379.75,379.1,379.75,WIPRO,30169
156,2023-05-05 11:50:00,379.1,NSE,379.25,379.1,379.25,WIPRO,4594
157,2023-05-05 11:51:00,379.1,NSE,379.15,379.05,379.15,WIPRO,9362
158,2023-05-05 11:52:00,379.2,NSE,379.2,379.1,379.1,WIPRO,3367
159,2023-05-05 11:53:00,379.2,NSE,379.2,379.0,379.2,WIPRO,24881
160,2023-05-05 11:54:00,379.4,NSE,379.4,379.15,379.15,WIPRO,5319
161,2023-05-05 11:55:00,379.5,NSE,379.5,379.35,379.4,WIPRO,5690
162,2023-05-05 11:56:00,379.45,NSE,379.55,379.45,379.5,WIPRO,7579
163,2023-05-05 11:57:00,379.55,NSE,379.55,379.4,379.45,WIPRO,3793
164,2023-05-05 11:58:00,379.6,NSE,379.6,379.5,379.55,WIPRO,4117
165,2023-05-05 11:59:00,379.6,NSE,379.65,379.55,379.6,WIPRO,2182
166,2023-05-05 12:00:00,379.35,NSE,379.6,379.35,379.6,WIPRO,21514
167,2023-05-05 12:01:00,379.15,NSE,379.35,379.15,379.35,WIPRO,5172
168,2023-05-05 12:02:00,379.35,NSE,379.4,379.1,379.3,WIPRO,6100
169,2023-05-05 12:03:00,379.35,NSE,379.35,379.2,379.3,WIPRO,2165
170,2023-05-05 12:04:00,379.35,NSE,379.4,379.2,379.3,WIPRO,3591
171,2023-05-05 12:05:00,379.45,NSE,379.45,379.3,379.4,WIPRO,3424
172,2023-05-05 12:06:00,379.5,NSE,379.5,379.4,379.4,WIPRO,3575
173,2023-05-05 12:07:00,379.8,NSE,379.8,379.5,379.5,WIPRO,2644
174,2023-05-05 12:08:00,379.6,NSE,379.75,379.5,379.75,WIPRO,1480
175,2023-05-05 12:09:00,379.55,NSE,379.7,379.5,379.6,WIPRO,3488
176,2023-05-05 12:10:00,379.65,NSE,379.7,379.55,379.55,WIPRO,2840
177,2023-05-05 12:11:00,379.85,NSE,379.85,379.5,379.6,WIPRO,6272
178,2023-05-05 12:12:00,379.95,NSE,379.95,379.8,379.8,WIPRO,4490
179,2023-05-05 12:13:00,380.0,NSE,380.0,379.9,379.95,WIPRO,22219
180,2023-05-05 12:14:00,380.0,NSE,380.0,379.9,380.0,WIPRO,5386
181,2023-05-05 12:15:00,379.85,NSE,380.0,379.8,379.95,WIPRO,3605
182,2023-05-05 12:16:00,379.9,NSE,380.0,379.8,379.8,WIPRO,2524
183,2023-05-05 12:17:00,379.75,NSE,379.95,379.75,379.9,WIPRO,3705
184,2023-05-05 12:18:00,379.9,NSE,379.9,379.75,379.85,WIPRO,2957
185,2023-05-05 12:19:00,379.9,NSE,379.9,379.85,379.85,WIPRO,1725
186,2023-05-05 12:20:00,379.8,NSE,379.85,379.7,379.85,WIPRO,1883
187,2023-05-05 12:21:00,379.95,NSE,379.95,379.8,379.8,WIPRO,4340
188,2023-05-05 12:22:00,380.0,NSE,380.0,379.9,379.95,WIPRO,2961
189,2023-05-05 12:23:00,379.85,NSE,380.0,379.85,380.0,WIPRO,1823
190,2023-05-05 12:24:00,379.75,NSE,379.95,379.7,379.85,WIPRO,5505
191,2023-05-05 12:25:00,379.5,NSE,379.75,379.5,379.75,WIPRO,5551
192,2023-05-05 12:26:00,379.75,NSE,379.75,379.6,379.6,WIPRO,5142
193,2023-05-05 12:27:00,379.8,NSE,379.8,379.75,379.75,WIPRO,5648
194,2023-05-05 12:28:00,379.8,NSE,379.8,379.7,379.7,WIPRO,4322
195,2023-05-05 12:29:00,379.8,NSE,379.8,379.7,379.7,WIPRO,2323
196,2023-05-05 12:30:00,380.0,NSE,380.15,379.8,379.8,WIPRO,36587
197,2023-05-05 12:31:00,380.0,NSE,380.0,379.9,380.0,WIPRO,3568
198,2023-05-05 12:32:00,379.9,NSE,380.0,379.9,380.0,WIPRO,13230
199,2023-05-05 12:33:00,379.85,NSE,380.0,379.75,380.0,WIPRO,15596
200,2023-05-05 12:34:00,379.75,NSE,379.95,379.75,379.9,WIPRO,2061
201,2023-05-05 12:35:00,379.75,NSE,379.8,379.65,379.7,WIPRO,2761
202,2023-05-05 12:36:00,379.8,NSE,379.8,379.65,379.75,WIPRO,1345
203,2023-05-05 12:37:00,379.7,NSE,379.8,379.6,379.8,WIPRO,2155
204,2023-05-05 12:38:00,379.65,NSE,379.7,379.6,379.7,WIPRO,1344
205,2023-05-05 12:39:00,379.65,NSE,379.65,379.6,379.65,WIPRO,1571
206,2023-05-05 12:40:00,379.5,NSE,379.65,379.45,379.6,WIPRO,8947
207,2023-05-05 12:41:00,379.85,NSE,379.85,379.5,379.5,WIPRO,5568
208,2023-05-05 12:42:00,379.9,NSE,379.95,379.8,379.85,WIPRO,3269
209,2023-05-05 12:43:00,379.8,NSE,379.95,379.8,379.9,WIPRO,564
210,2023-05-05 12:44:00,379.85,NSE,379.9,379.75,379.8,WIPRO,1243
211,2023-05-05 12:45:00,379.85,NSE,379.95,379.8,379.85,WIPRO,2769
212,2023-05-05 12:46:00,379.65,NSE,379.95,379.6,379.95,WIPRO,4516
213,2023-05-05 12:47:00,379.55,NSE,379.65,379.55,379.6,WIPRO,3075
214,2023-05-05 12:48:00,379.75,NSE,379.8,379.55,379.65,WIPRO,4341
215,2023-05-05 12:49:00,379.8,NSE,379.8,379.7,379.75,WIPRO,920
216,2023-05-05 12:50:00,379.8,NSE,379.9,379.75,379.8,WIPRO,1386
217,2023-05-05 12:51:00,379.8,NSE,379.95,379.75,379.9,WIPRO,2764
218,2023-05-05 12:52:00,379.7,NSE,379.85,379.6,379.85,WIPRO,4776
219,2023-05-05 12:53:00,379.8,NSE,379.8,379.7,379.7,WIPRO,2343
220,2023-05-05 12:54:00,379.9,NSE,379.9,379.8,379.8,WIPRO,881
221,2023-05-05 12:55:00,380.1,NSE,380.2,379.85,379.9,WIPRO,27116
222,2023-05-05 12:56:00,380.15,NSE,380.15,380.0,380.1,WIPRO,3821
223,2023-05-05 12:57:00,380.1,NSE,380.15,380.0,380.1,WIPRO,7874
224,2023-05-05 12:58:00,380.0,NSE,380.1,379.9,380.1,WIPRO,7991
225,2023-05-05 12:59:00,380.0,NSE,380.0,379.85,379.9,WIPRO,1401
226,2023-05-05 13:00:00,379.9,NSE,380.0,379.9,380.0,WIPRO,5779
227,2023-05-05 13:01:00,379.85,NSE,379.95,379.8,379.8,WIPRO,1964
228,2023-05-05 13:02:00,379.95,NSE,379.95,379.75,379.9,WIPRO,3782
229,2023-05-05 13:03:00,379.8,NSE,379.95,379.75,379.95,WIPRO,3311
230,2023-05-05 13:04:00,379.55,NSE,379.85,379.55,379.85,WIPRO,16162
231,2023-05-05 13:05:00,379.65,NSE,379.75,379.55,379.6,WIPRO,3036
232,2023-05-05 13:06:00,379.85,NSE,380.0,379.7,379.75,WIPRO,2933
233,2023-05-05 13:07:00,379.9,NSE,379.9,379.8,379.85,WIPRO,1757
234,2023-05-05 13:08:00,379.75,NSE,379.9,379.7,379.9,WIPRO,2918
235,2023-05-05 13:09:00,379.9,NSE,379.9,379.7,379.8,WIPRO,1294
236,2023-05-05 13:10:00,379.75,NSE,379.9,379.75,379.8,WIPRO,1227
237,2023-05-05 13:11:00,379.9,NSE,379.95,379.75,379.8,WIPRO,3714
238,2023-05-05 13:12:00,379.8,NSE,379.9,379.75,379.9,WIPRO,920
239,2023-05-05 13:13:00,379.9,NSE,379.9,379.8,379.9,WIPRO,1616
240,2023-05-05 13:14:00,379.9,NSE,379.9,379.8,379.8,WIPRO,1207
241,2023-05-05 13:15:00,379.95,NSE,379.95,379.85,379.9,WIPRO,7064
242,2023-05-05 13:16:00,379.85,NSE,379.95,379.8,379.9,WIPRO,8224
243,2023-05-05 13:17:00,379.75,NSE,379.85,379.75,379.8,WIPRO,2460
244,2023-05-05 13:18:00,379.8,NSE,379.8,379.75,379.8,WIPRO,672
245,2023-05-05 13:19:00,379.75,NSE,379.8,379.7,379.8,WIPRO,3534
246,2023-05-05 13:20:00,379.8,NSE,379.95,379.75,379.8,WIPRO,2325
247,2023-05-05 13:21:00,379.9,NSE,379.95,379.8,379.8,WIPRO,1748
248,2023-05-05 13:22:00,379.9,NSE,379.95,379.8,379.9,WIPRO,1239
249,2023-05-05 13:23:00,379.9,NSE,379.9,379.8,379.8,WIPRO,2151
250,2023-05-05 13:24:00,379.8,NSE,379.9,379.8,379.8,WIPRO,1848
251,2023-05-05 13:25:00,379.9,NSE,379.9,379.8,379.9,WIPRO,1221
252,2023-05-05 13:26:00,379.9,NSE,379.9,379.85,379.9,WIPRO,954
253,2023-05-05 13:27:00,379.85,NSE,379.9,379.85,379.85,WIPRO,2188
254,2023-05-05 13:28:00,379.8,NSE,379.9,379.8,379.9,WIPRO,2683
255,2023-05-05 13:29:00,379.9,NSE,379.9,379.85,379.85,WIPRO,3103
256,2023-05-05 13:30:00,379.8,NSE,379.95,379.8,379.9,WIPRO,4186
257,2023-05-05 13:31:00,380.0,NSE,380.0,379.8,379.8,WIPRO,12013
258,2023-05-05 13:32:00,380.0,NSE,380.0,379.8,380.0,WIPRO,2939
259,2023-05-05 13:33:00,379.9,NSE,380.0,379.8,379.95,WIPRO,9791
260,2023-05-05 13:34:00,379.9,NSE,379.95,379.8,379.9,WIPRO,1716
261,2023-05-05 13:35:00,379.9,NSE,379.95,379.75,379.9,WIPRO,4103
262,2023-05-05 13:36:00,379.9,NSE,379.95,379.8,379.9,WIPRO,1342
263,2023-05-05 13:37:00,379.95,NSE,379.95,379.85,379.85,WIPRO,1011
264,2023-05-05 13:38:00,379.9,NSE,379.95,379.85,379.85,WIPRO,594
265,2023-05-05 13:39:00,379.95,NSE,379.95,379.85,379.9,WIPRO,1402
266,2023-05-05 13:40:00,380.0,NSE,380.0,379.9,379.95,WIPRO,3482
267,2023-05-05 13:41:00,379.95,NSE,380.0,379.9,380.0,WIPRO,2713
268,2023-05-05 13:42:00,379.95,NSE,380.0,379.85,379.95,WIPRO,3325
269,2023-05-05 13:43:00,379.95,NSE,379.95,379.85,379.95,WIPRO,1383
270,2023-05-05 13:44:00,380.0,NSE,380.0,379.9,379.9,WIPRO,3007
271,2023-05-05 13:45:00,379.95,NSE,380.0,379.9,380.0,WIPRO,2492
272,2023-05-05 13:46:00,379.9,NSE,379.95,379.85,379.95,WIPRO,2352
273,2023-05-05 13:47:00,379.8,NSE,379.9,379.8,379.85,WIPRO,2714
274,2023-05-05 13:48:00,379.95,NSE,379.95,379.8,379.9,WIPRO,3507
275,2023-05-05 13:49:00,379.9,NSE,379.95,379.8,379.95,WIPRO,2040
276,2023-05-05 13:50:00,379.65,NSE,379.85,379.65,379.8,WIPRO,12959
277,2023-05-05 13:51:00,379.5,NSE,379.6,379.4,379.6,WIPRO,7165
278,2023-05-05 13:52:00,379.5,NSE,379.65,379.5,379.5,WIPRO,2467
279,2023-05-05 13:53:00,379.65,NSE,379.65,379.45,379.6,WIPRO,4818
280,2023-05-05 13:54:00,379.6,NSE,379.65,379.5,379.55,WIPRO,1517
281,2023-05-05 13:55:00,379.6,NSE,379.6,379.55,379.6,WIPRO,1709
282,2023-05-05 13:56:00,379.6,NSE,379.7,379.55,379.6,WIPRO,3318
283,2023-05-05 13:57:00,379.6,NSE,379.6,379.5,379.6,WIPRO,4143
284,2023-05-05 13:58:00,379.5,NSE,379.6,379.5,379.6,WIPRO,3395
285,2023-05-05 13:59:00,379.45,NSE,379.55,379.4,379.55,WIPRO,3978
286,2023-05-05 14:00:00,379.65,NSE,379.7,379.5,379.5,WIPRO,5505
287,2023-05-05 14:01:00,379.9,NSE,379.95,379.65,379.65,WIPRO,6787
288,2023-05-05 14:02:00,379.85,NSE,379.95,379.85,379.9,WIPRO,3361
289,2023-05-05 14:03:00,379.95,NSE,379.95,379.8,379.8,WIPRO,3826
290,2023-05-05 14:04:00,379.95,NSE,379.95,379.8,379.95,WIPRO,4610
291,2023-05-05 14:05:00,379.95,NSE,379.95,379.8,379.95,WIPRO,8514
292,2023-05-05 14:06:00,380.0,NSE,380.0,379.9,379.95,WIPRO,8299
293,2023-05-05 14:07:00,380.0,NSE,380.0,379.95,379.95,WIPRO,19739
294,2023-05-05 14:08:00,379.95,NSE,380.0,379.9,379.95,WIPRO,26782
295,2023-05-05 14:09:00,379.9,NSE,379.95,379.9,379.95,WIPRO,2584
296,2023-05-05 14:10:00,379.9,NSE,379.95,379.9,379.9,WIPRO,3894
297,2023-05-05 14:11:00,379.75,NSE,379.95,379.75,379.9,WIPRO,25805
298,2023-05-05 14:12:00,379.9,NSE,379.95,379.7,379.75,WIPRO,6561
299,2023-05-05 14:13:00,380.0,NSE,380.4,379.9,379.9,WIPRO,125258
300,2023-05-05 14:14:00,380.05,NSE,380.2,380.0,380.0,WIPRO,1904
301,2023-05-05 14:15:00,380.3,NSE,380.3,379.95,380.05,WIPRO,5553
302,2023-05-05 14:16:00,379.9,NSE,380.25,379.75,380.25,WIPRO,44243
303,2023-05-05 14:17:00,380.15,NSE,380.15,379.9,379.9,WIPRO,12313
304,2023-05-05 14:18:00,380.0,NSE,380.1,379.9,380.0,WIPRO,3145
305,2023-05-05 14:19:00,380.0,NSE,380.05,379.9,379.9,WIPRO,30167
306,2023-05-05 14:20:00,380.0,NSE,380.05,379.9,380.0,WIPRO,4099
307,2023-05-05 14:21:00,380.0,NSE,380.05,379.95,380.0,WIPRO,935
308,2023-05-05 14:22:00,380.0,NSE,380.0,379.95,380.0,WIPRO,1480
309,2023-05-05 14:23:00,379.95,NSE,380.0,379.9,380.0,WIPRO,1512
310,2023-05-05 14:24:00,379.9,NSE,380.0,379.9,379.95,WIPRO,8313
311,2023-05-05 14:25:00,379.95,NSE,380.0,379.85,379.85,WIPRO,6185
312,2023-05-05 14:26:00,379.95,NSE,380.0,379.9,379.95,WIPRO,6411
313,2023-05-05 14:27:00,379.8,NSE,379.95,379.6,379.95,WIPRO,7309
314,2023-05-05 14:28:00,379.8,NSE,379.9,379.7,379.7,WIPRO,5348
315,2023-05-05 14:29:00,379.9,NSE,379.9,379.7,379.8,WIPRO,2952
316,2023-05-05 14:30:00,379.75,NSE,379.9,379.7,379.9,WIPRO,4340
317,2023-05-05 14:31:00,379.75,NSE,379.8,379.6,379.75,WIPRO,1891
318,2023-05-05 14:32:00,379.65,NSE,379.75,379.65,379.75,WIPRO,1893
319,2023-05-05 14:33:00,379.75,NSE,379.75,379.6,379.7,WIPRO,3703
320,2023-05-05 14:34:00,379.75,NSE,379.8,379.6,379.7,WIPRO,5494
321,2023-05-05 14:35:00,379.75,NSE,379.75,379.7,379.75,WIPRO,1110
322,2023-05-05 14:36:00,379.65,NSE,379.75,379.6,379.7,WIPRO,2719
323,2023-05-05 14:37:00,379.5,NSE,379.65,379.5,379.65,WIPRO,1828
324,2023-05-05 14:38:00,379.7,NSE,379.7,379.5,379.5,WIPRO,14137
325,2023-05-05 14:39:00,379.65,NSE,379.75,379.55,379.55,WIPRO,2423
326,2023-05-05 14:40:00,379.7,NSE,379.7,379.55,379.6,WIPRO,2631
327,2023-05-05 14:41:00,379.55,NSE,379.6,379.55,379.6,WIPRO,2634
328,2023-05-05 14:42:00,379.65,NSE,379.65,379.5,379.55,WIPRO,7109
329,2023-05-05 14:43:00,379.75,NSE,379.8,379.6,379.65,WIPRO,7008
330,2023-05-05 14:44:00,379.8,NSE,379.8,379.7,379.75,WIPRO,2144
331,2023-05-05 14:45:00,379.75,NSE,379.85,379.7,379.8,WIPRO,1658
332,2023-05-05 14:46:00,379.7,NSE,379.8,379.5,379.8,WIPRO,4565
333,2023-05-05 14:47:00,379.7,NSE,379.8,379.6,379.7,WIPRO,1527
334,2023-05-05 14:48:00,379.75,NSE,379.75,379.6,379.65,WIPRO,4182
335,2023-05-05 14:49:00,379.4,NSE,379.8,379.4,379.8,WIPRO,12519
336,2023-05-05 14:50:00,379.35,NSE,379.5,379.35,379.5,WIPRO,180302
337,2023-05-05 14:51:00,379.2,NSE,379.4,379.1,379.4,WIPRO,8645
338,2023-05-05 14:52:00,379.4,NSE,379.4,379.15,379.2,WIPRO,2276
339,2023-05-05 14:53:00,379.4,NSE,379.5,379.25,379.3,WIPRO,3685
340,2023-05-05 14:54:00,379.6,NSE,379.7,379.45,379.5,WIPRO,5847
341,2023-05-05 14:55:00,379.5,NSE,379.6,379.5,379.5,WIPRO,4092
342,2023-05-05 14:56:00,379.65,NSE,379.7,379.5,379.5,WIPRO,5873
343,2023-05-05 14:57:00,379.6,NSE,379.65,379.5,379.65,WIPRO,4996
344,2023-05-05 14:58:00,379.7,NSE,379.7,379.55,379.6,WIPRO,4119
345,2023-05-05 14:59:00,379.55,NSE,379.7,379.55,379.7,WIPRO,3364
346,2023-05-05 15:00:00,379.65,NSE,379.65,379.55,379.65,WIPRO,8670
347,2023-05-05 15:01:00,379.55,NSE,379.65,379.55,379.65,WIPRO,5103
348,2023-05-05 15:02:00,379.45,NSE,379.6,379.45,379.6,WIPRO,8708
349,2023-05-05 15:03:00,379.55,NSE,379.55,379.4,379.4,WIPRO,6825
350,2023-05-05 15:04:00,379.5,NSE,379.55,379.45,379.45,WIPRO,9185
351,2023-05-05 15:05:00,379.4,NSE,379.55,379.4,379.4,WIPRO,8083
352,2023-05-05 15:06:00,379.35,NSE,379.4,379.3,379.4,WIPRO,3355
353,2023-05-05 15:07:00,379.2,NSE,379.35,379.2,379.3,WIPRO,20386
354,2023-05-05 15:08:00,379.25,NSE,379.25,379.15,379.2,WIPRO,10117
355,2023-05-05 15:09:00,379.75,NSE,379.75,379.15,379.2,WIPRO,45258
356,2023-05-05 15:10:00,379.6,NSE,379.6,379.35,379.55,WIPRO,18790
357,2023-05-05 15:11:00,379.35,NSE,379.6,379.35,379.6,WIPRO,13264
358,2023-05-05 15:12:00,379.45,NSE,379.5,379.35,379.5,WIPRO,6261
359,2023-05-05 15:13:00,379.45,NSE,379.5,379.3,379.5,WIPRO,10911
360,2023-05-05 15:14:00,379.45,NSE,379.55,379.35,379.45,WIPRO,13401
361,2023-05-05 15:15:00,379.45,NSE,379.55,379.25,379.45,WIPRO,27164
362,2023-05-05 15:16:00,379.45,NSE,379.5,379.35,379.35,WIPRO,23108
363,2023-05-05 15:17:00,379.4,NSE,379.5,379.4,379.5,WIPRO,10823
364,2023-05-05 15:18:00,379.4,NSE,379.45,379.3,379.45,WIPRO,33870
365,2023-05-05 15:19:00,379.4,NSE,379.4,379.3,379.4,WIPRO,12503
366,2023-05-05 15:20:00,379.3,NSE,379.45,379.3,379.3,WIPRO,43229
367,2023-05-05 15:21:00,379.35,NSE,379.45,379.3,379.45,WIPRO,13971
368,2023-05-05 15:22:00,379.45,NSE,379.45,379.35,379.35,WIPRO,13959
369,2023-05-05 15:23:00,379.45,NSE,379.55,379.45,379.5,WIPRO,13971
370,2023-05-05 15:24:00,379.5,NSE,379.5,379.35,379.45,WIPRO,25916
371,2023-05-05 15:25:00,379.45,NSE,379.5,379.3,379.5,WIPRO,18943
372,2023-05-05 15:26:00,379.55,NSE,379.55,379.4,379.45,WIPRO,14361
373,2023-05-05 15:27:00,379.55,NSE,379.6,379.4,379.5,WIPRO,20723
374,2023-05-05 15:28:00,379.5,NSE,379.55,379.25,379.5,WIPRO,21231
375,2023-05-05 15:29:00,379.7,NSE,379.75,379.3,379.45,WIPRO,25690
