,datetime,close,exchange_code,high,low,open,stock_code,volume
0,2024-02-21 09:30:00,5408.45,NSE,5414.4,5408.45,5411.0,LTTEC,135
1,2024-02-21 09:31:00,5414.85,NSE,5416.0,5408.25,5408.45,LTTEC,122
2,2024-02-21 09:32:00,5420.0,NSE,5420.0,5414.85,5414.85,LTTEC,216
3,2024-02-21 09:33:00,5419.3,NSE,5420.0,5417.2,5420.0,LTTEC,404
4,2024-02-21 09:34:00,5416.05,NSE,5416.05,5416.05,5416.05,LTTEC,2
5,2024-02-21 09:35:00,5418.6,NSE,5418.65,5416.0,5416.0,LTTEC,37
6,2024-02-21 09:36:00,5415.6,NSE,5418.5,5413.9,5413.9,LTTEC,475
7,2024-02-21 09:37:00,5418.65,NSE,5418.65,5414.0,5414.4,LTTEC,172
8,2024-02-21 09:38:00,5418.6,NSE,5418.65,5415.0,5418.65,LTTEC,100
9,2024-02-21 09:39:00,5424.9,NSE,5424.9,5415.15,5418.6,LTTEC,679
10,2024-02-21 09:40:00,5427.95,NSE,5427.95,5424.9,5424.9,LTTEC,257
11,2024-02-21 09:41:00,5421.15,NSE,5429.9,5418.65,5427.95,LTTEC,354
12,2024-02-21 09:42:00,5420.55,NSE,5422.95,5418.45,5421.15,LTTEC,45
13,2024-02-21 09:43:00,5422.15,NSE,5427.15,5420.55,5420.55,LTTEC,84
14,2024-02-21 09:44:00,5422.75,NSE,5426.45,5422.15,5422.15,LTTEC,12
15,2024-02-21 09:45:00,5423.55,NSE,5427.15,5422.75,5422.75,LTTEC,99
16,2024-02-21 09:46:00,5422.4,NSE,5424.7,5420.25,5423.55,LTTEC,43
17,2024-02-21 09:47:00,5427.75,NSE,5427.75,5421.7,5421.7,LTTEC,28
18,2024-02-21 09:48:00,5427.7,NSE,5427.75,5425.1,5427.75,LTTEC,34
19,2024-02-21 09:49:00,5426.25,NSE,5427.7,5421.05,5427.7,LTTEC,173
20,2024-02-21 09:50:00,5424.9,NSE,5427.75,5421.25,5426.25,LTTEC,352
21,2024-02-21 09:51:00,5427.35,NSE,5428.0,5423.3,5427.8,LTTEC,195
22,2024-02-21 09:52:00,5427.0,NSE,5428.95,5425.05,5427.35,LTTEC,113
23,2024-02-21 09:53:00,5429.65,NSE,5429.9,5427.0,5427.0,LTTEC,139
24,2024-02-21 09:54:00,5428.75,NSE,5429.9,5425.05,5429.65,LTTEC,68
25,2024-02-21 09:55:00,5424.9,NSE,5428.4,5421.1,5428.4,LTTEC,262
26,2024-02-21 09:56:00,5424.0,NSE,5424.9,5421.3,5424.9,LTTEC,54
27,2024-02-21 09:57:00,5425.0,NSE,5425.0,5420.0,5424.0,LTTEC,147
28,2024-02-21 09:58:00,5426.6,NSE,5426.85,5424.1,5426.85,LTTEC,7
29,2024-02-21 09:59:00,5422.65,NSE,5428.0,5422.65,5426.6,LTTEC,39
30,2024-02-21 10:00:00,5424.2,NSE,5427.85,5422.65,5422.65,LTTEC,36
31,2024-02-21 10:01:00,5424.15,NSE,5427.0,5424.15,5424.15,LTTEC,16
32,2024-02-21 10:02:00,5423.35,NSE,5425.6,5420.75,5424.15,LTTEC,104
33,2024-02-21 10:03:00,5421.4,NSE,5425.45,5421.05,5423.35,LTTEC,65
34,2024-02-21 10:04:00,5422.2,NSE,5426.5,5421.4,5421.4,LTTEC,13
35,2024-02-21 10:05:00,5421.05,NSE,5425.95,5418.4,5422.2,LTTEC,219
36,2024-02-21 10:06:00,5420.55,NSE,5421.05,5418.0,5421.05,LTTEC,91
37,2024-02-21 10:07:00,5417.7,NSE,5421.05,5415.3,5420.55,LTTEC,387
38,2024-02-21 10:08:00,5418.6,NSE,5420.95,5412.6,5417.7,LTTEC,121
39,2024-02-21 10:09:00,5419.4,NSE,5419.4,5415.7,5418.6,LTTEC,23
40,2024-02-21 10:10:00,5418.1,NSE,5420.8,5418.05,5419.4,LTTEC,56
41,2024-02-21 10:11:00,5420.8,NSE,5420.8,5418.05,5418.1,LTTEC,56
42,2024-02-21 10:12:00,5420.0,NSE,5420.8,5418.05,5420.8,LTTEC,12
43,2024-02-21 10:13:00,5415.5,NSE,5420.0,5415.5,5420.0,LTTEC,28
44,2024-02-21 10:14:00,5416.75,NSE,5416.75,5413.65,5415.5,LTTEC,42
45,2024-02-21 10:15:00,5415.6,NSE,5416.75,5412.2,5416.75,LTTEC,77
46,2024-02-21 10:16:00,5418.05,NSE,5418.85,5414.85,5415.6,LTTEC,160
47,2024-02-21 10:17:00,5415.05,NSE,5418.8,5415.05,5418.05,LTTEC,35
48,2024-02-21 10:18:00,5418.2,NSE,5420.0,5415.05,5415.05,LTTEC,519
49,2024-02-21 10:19:00,5412.2,NSE,5419.65,5410.0,5418.05,LTTEC,100
50,2024-02-21 10:20:00,5405.85,NSE,5412.5,5404.35,5410.0,LTTEC,222
51,2024-02-21 10:21:00,5408.8,NSE,5408.95,5404.35,5405.85,LTTEC,122
52,2024-02-21 10:22:00,5405.15,NSE,5408.8,5402.0,5408.8,LTTEC,256
53,2024-02-21 10:23:00,5408.3,NSE,5408.4,5404.35,5405.15,LTTEC,53
54,2024-02-21 10:24:00,5405.65,NSE,5408.35,5405.65,5408.3,LTTEC,12
55,2024-02-21 10:25:00,5409.3,NSE,5410.0,5405.65,5405.65,LTTEC,108
56,2024-02-21 10:26:00,5413.55,NSE,5416.2,5409.35,5413.65,LTTEC,313
57,2024-02-21 10:27:00,5412.3,NSE,5416.45,5409.85,5413.8,LTTEC,144
58,2024-02-21 10:28:00,5404.9,NSE,5412.8,5404.9,5412.3,LTTEC,254
59,2024-02-21 10:29:00,5406.2,NSE,5409.75,5404.9,5404.9,LTTEC,17
60,2024-02-21 10:30:00,5408.3,NSE,5410.75,5406.2,5406.2,LTTEC,33
61,2024-02-21 10:31:00,5408.25,NSE,5414.65,5406.85,5408.3,LTTEC,457
62,2024-02-21 10:32:00,5413.05,NSE,5413.95,5408.25,5408.25,LTTEC,41
63,2024-02-21 10:33:00,5413.85,NSE,5413.95,5408.2,5413.45,LTTEC,13
64,2024-02-21 10:34:00,5410.6,NSE,5414.7,5410.6,5413.85,LTTEC,21
65,2024-02-21 10:35:00,5414.4,NSE,5414.4,5408.55,5410.6,LTTEC,171
66,2024-02-21 10:36:00,5410.95,NSE,5415.0,5409.2,5414.4,LTTEC,135
67,2024-02-21 10:37:00,5414.8,NSE,5414.95,5410.95,5410.95,LTTEC,16
68,2024-02-21 10:38:00,5410.55,NSE,5415.3,5410.55,5414.8,LTTEC,5
69,2024-02-21 10:39:00,5405.15,NSE,5414.2,5405.15,5410.55,LTTEC,76
70,2024-02-21 10:40:00,5395.1,NSE,5408.8,5395.1,5405.15,LTTEC,508
71,2024-02-21 10:41:00,5399.5,NSE,5399.55,5395.1,5395.1,LTTEC,3
72,2024-02-21 10:42:00,5397.95,NSE,5399.5,5395.2,5399.5,LTTEC,29
73,2024-02-21 10:43:00,5395.2,NSE,5398.8,5395.0,5397.95,LTTEC,55
74,2024-02-21 10:44:00,5395.05,NSE,5398.35,5395.05,5395.2,LTTEC,6
75,2024-02-21 10:45:00,5395.85,NSE,5399.2,5395.05,5395.05,LTTEC,139
76,2024-02-21 10:46:00,5388.55,NSE,5395.85,5385.0,5395.85,LTTEC,1174
77,2024-02-21 10:47:00,5387.6,NSE,5389.0,5385.05,5388.55,LTTEC,124
78,2024-02-21 10:48:00,5388.95,NSE,5388.95,5382.6,5387.6,LTTEC,319
79,2024-02-21 10:49:00,5384.7,NSE,5391.85,5384.45,5388.95,LTTEC,72
80,2024-02-21 10:50:00,5389.35,NSE,5389.35,5384.65,5384.7,LTTEC,309
81,2024-02-21 10:51:00,5386.25,NSE,5389.7,5386.2,5389.35,LTTEC,62
82,2024-02-21 10:52:00,5389.15,NSE,5395.0,5386.2,5386.25,LTTEC,548
83,2024-02-21 10:53:00,5391.65,NSE,5391.65,5389.15,5389.15,LTTEC,13
84,2024-02-21 10:54:00,5394.0,NSE,5394.0,5391.65,5391.65,LTTEC,9
85,2024-02-21 10:55:00,5390.0,NSE,5394.1,5390.0,5394.0,LTTEC,174
86,2024-02-21 10:56:00,5390.15,NSE,5390.15,5390.0,5390.0,LTTEC,5
87,2024-02-21 10:57:00,5385.05,NSE,5392.4,5385.05,5390.15,LTTEC,570
88,2024-02-21 10:58:00,5388.55,NSE,5391.9,5385.05,5385.05,LTTEC,22
89,2024-02-21 10:59:00,5393.6,NSE,5393.6,5388.55,5388.55,LTTEC,20
90,2024-02-21 11:00:00,5395.95,NSE,5395.95,5393.2,5393.6,LTTEC,6
91,2024-02-21 11:01:00,5398.95,NSE,5398.95,5395.95,5395.95,LTTEC,28
92,2024-02-21 11:02:00,5399.65,NSE,5399.75,5398.95,5398.95,LTTEC,138
93,2024-02-21 11:03:00,5396.95,NSE,5399.65,5396.25,5399.65,LTTEC,179
94,2024-02-21 11:04:00,5393.9,NSE,5396.95,5390.35,5396.95,LTTEC,588
95,2024-02-21 11:05:00,5396.65,NSE,5396.85,5391.2,5393.9,LTTEC,11
96,2024-02-21 11:06:00,5393.45,NSE,5396.95,5393.35,5396.65,LTTEC,151
97,2024-02-21 11:07:00,5393.85,NSE,5397.6,5393.35,5393.45,LTTEC,39
98,2024-02-21 11:08:00,5396.95,NSE,5397.35,5393.85,5393.85,LTTEC,14
99,2024-02-21 11:09:00,5395.8,NSE,5399.75,5395.0,5396.95,LTTEC,24
100,2024-02-21 11:10:00,5396.0,NSE,5396.1,5395.8,5395.8,LTTEC,24
101,2024-02-21 11:11:00,5398.9,NSE,5399.9,5395.95,5396.0,LTTEC,88
102,2024-02-21 11:12:00,5401.45,NSE,5404.9,5396.9,5398.9,LTTEC,344
103,2024-02-21 11:13:00,5396.8,NSE,5403.35,5394.1,5400.15,LTTEC,186
104,2024-02-21 11:14:00,5397.25,NSE,5397.25,5393.25,5396.8,LTTEC,102
105,2024-02-21 11:15:00,5395.25,NSE,5397.25,5393.65,5397.25,LTTEC,7
106,2024-02-21 11:16:00,5401.7,NSE,5401.7,5395.25,5395.25,LTTEC,8
107,2024-02-21 11:17:00,5393.6,NSE,5401.85,5393.6,5401.7,LTTEC,88
108,2024-02-21 11:18:00,5393.25,NSE,5395.6,5393.25,5393.6,LTTEC,18
109,2024-02-21 11:19:00,5394.1,NSE,5394.45,5393.25,5393.25,LTTEC,35
110,2024-02-21 11:20:00,5394.15,NSE,5394.15,5394.1,5394.1,LTTEC,2
111,2024-02-21 11:21:00,5387.55,NSE,5394.15,5387.55,5394.15,LTTEC,242
112,2024-02-21 11:22:00,5379.3,NSE,5387.55,5379.3,5387.55,LTTEC,545
113,2024-02-21 11:23:00,5371.55,NSE,5379.0,5371.55,5379.0,LTTEC,432
114,2024-02-21 11:24:00,5364.05,NSE,5374.45,5362.15,5372.0,LTTEC,824
115,2024-02-21 11:25:00,5366.7,NSE,5366.7,5361.75,5364.05,LTTEC,295
116,2024-02-21 11:26:00,5366.25,NSE,5369.2,5363.0,5366.7,LTTEC,338
117,2024-02-21 11:27:00,5371.8,NSE,5376.1,5365.75,5366.25,LTTEC,545
118,2024-02-21 11:28:00,5372.45,NSE,5377.9,5370.55,5371.8,LTTEC,111
119,2024-02-21 11:29:00,5376.05,NSE,5378.0,5372.45,5372.45,LTTEC,141
120,2024-02-21 11:30:00,5374.65,NSE,5376.05,5371.05,5376.05,LTTEC,114
121,2024-02-21 11:31:00,5378.95,NSE,5378.95,5371.35,5371.35,LTTEC,41
122,2024-02-21 11:32:00,5378.75,NSE,5381.1,5374.85,5378.95,LTTEC,257
123,2024-02-21 11:33:00,5375.1,NSE,5378.75,5374.25,5378.75,LTTEC,65
124,2024-02-21 11:34:00,5377.0,NSE,5377.95,5375.1,5375.1,LTTEC,49
125,2024-02-21 11:35:00,5383.4,NSE,5383.9,5377.0,5377.0,LTTEC,481
126,2024-02-21 11:36:00,5386.8,NSE,5386.8,5381.75,5383.4,LTTEC,563
127,2024-02-21 11:37:00,5395.3,NSE,5395.3,5386.8,5386.8,LTTEC,1042
128,2024-02-21 11:38:00,5387.2,NSE,5395.4,5387.2,5395.3,LTTEC,2977
129,2024-02-21 11:39:00,5392.0,NSE,5392.0,5387.2,5387.2,LTTEC,510
130,2024-02-21 11:40:00,5386.8,NSE,5392.0,5386.8,5392.0,LTTEC,217
131,2024-02-21 11:41:00,5387.8,NSE,5390.95,5386.8,5386.8,LTTEC,51
132,2024-02-21 11:42:00,5384.65,NSE,5388.05,5384.65,5387.8,LTTEC,107
133,2024-02-21 11:43:00,5388.3,NSE,5389.15,5384.65,5384.65,LTTEC,20
134,2024-02-21 11:44:00,5389.45,NSE,5389.45,5386.25,5388.3,LTTEC,111
135,2024-02-21 11:45:00,5382.35,NSE,5389.45,5378.75,5389.45,LTTEC,244
136,2024-02-21 11:46:00,5378.2,NSE,5383.05,5378.2,5378.85,LTTEC,50
137,2024-02-21 11:47:00,5378.0,NSE,5381.95,5378.0,5378.2,LTTEC,77
138,2024-02-21 11:48:00,5378.1,NSE,5378.1,5378.0,5378.0,LTTEC,1
139,2024-02-21 11:49:00,5385.5,NSE,5385.5,5378.15,5378.15,LTTEC,62
140,2024-02-21 11:50:00,5383.0,NSE,5385.5,5381.95,5385.5,LTTEC,50
141,2024-02-21 11:51:00,5383.15,NSE,5387.75,5382.65,5383.0,LTTEC,146
142,2024-02-21 11:52:00,5378.6,NSE,5382.75,5378.3,5382.75,LTTEC,149
143,2024-02-21 11:53:00,5378.0,NSE,5378.6,5378.0,5378.6,LTTEC,36
144,2024-02-21 11:54:00,5381.4,NSE,5382.0,5378.0,5378.0,LTTEC,125
145,2024-02-21 11:55:00,5378.4,NSE,5378.45,5378.0,5378.45,LTTEC,23
146,2024-02-21 11:56:00,5380.45,NSE,5380.45,5378.4,5378.4,LTTEC,29
147,2024-02-21 11:57:00,5384.45,NSE,5384.45,5380.45,5380.45,LTTEC,82
148,2024-02-21 11:58:00,5381.0,NSE,5384.45,5380.95,5384.45,LTTEC,15
149,2024-02-21 11:59:00,5376.15,NSE,5384.55,5376.15,5381.0,LTTEC,185
150,2024-02-21 12:00:00,5382.25,NSE,5383.25,5376.15,5376.15,LTTEC,29
151,2024-02-21 12:01:00,5376.0,NSE,5382.25,5376.0,5382.25,LTTEC,57
152,2024-02-21 12:02:00,5376.1,NSE,5379.1,5376.0,5376.0,LTTEC,26
153,2024-02-21 12:03:00,5378.0,NSE,5381.0,5376.1,5376.1,LTTEC,16
154,2024-02-21 12:04:00,5380.65,NSE,5380.65,5378.0,5378.0,LTTEC,4
155,2024-02-21 12:05:00,5383.5,NSE,5384.95,5380.65,5380.65,LTTEC,33
156,2024-02-21 12:06:00,5390.55,NSE,5394.1,5383.5,5383.5,LTTEC,85
157,2024-02-21 12:07:00,5383.6,NSE,5390.55,5383.6,5390.55,LTTEC,6
158,2024-02-21 12:08:00,5387.45,NSE,5387.45,5383.6,5383.6,LTTEC,37
159,2024-02-21 12:09:00,5386.0,NSE,5388.6,5386.0,5387.45,LTTEC,35
160,2024-02-21 12:10:00,5387.4,NSE,5387.5,5387.35,5387.35,LTTEC,123
161,2024-02-21 12:11:00,5387.4,NSE,5387.4,5387.4,5387.4,LTTEC,4
162,2024-02-21 12:12:00,5387.4,NSE,5388.0,5387.4,5387.4,LTTEC,55
163,2024-02-21 12:13:00,5392.4,NSE,5392.4,5387.2,5387.4,LTTEC,83
164,2024-02-21 12:14:00,5386.25,NSE,5392.4,5386.2,5392.4,LTTEC,78
165,2024-02-21 12:15:00,5389.0,NSE,5389.0,5386.25,5386.25,LTTEC,131
166,2024-02-21 12:16:00,5389.0,NSE,5392.2,5389.0,5389.0,LTTEC,325
167,2024-02-21 12:17:00,5388.2,NSE,5389.0,5388.2,5389.0,LTTEC,102
168,2024-02-21 12:18:00,5389.0,NSE,5389.0,5388.2,5388.2,LTTEC,22
169,2024-02-21 12:19:00,5385.1,NSE,5391.0,5385.05,5388.0,LTTEC,339
170,2024-02-21 12:20:00,5387.1,NSE,5387.1,5385.1,5385.1,LTTEC,57
171,2024-02-21 12:21:00,5387.0,NSE,5387.1,5386.6,5387.1,LTTEC,46
172,2024-02-21 12:22:00,5386.95,NSE,5387.0,5386.95,5387.0,LTTEC,52
173,2024-02-21 12:23:00,5386.1,NSE,5386.95,5386.1,5386.95,LTTEC,4
174,2024-02-21 12:24:00,5387.0,NSE,5387.0,5386.1,5386.1,LTTEC,33
175,2024-02-21 12:25:00,5385.45,NSE,5387.95,5385.4,5387.0,LTTEC,14
176,2024-02-21 12:26:00,5387.3,NSE,5387.35,5385.45,5385.45,LTTEC,3
177,2024-02-21 12:27:00,5382.8,NSE,5387.3,5382.8,5387.3,LTTEC,31
178,2024-02-21 12:28:00,5382.6,NSE,5383.0,5382.6,5382.8,LTTEC,5
179,2024-02-21 12:29:00,5380.6,NSE,5383.0,5380.6,5382.6,LTTEC,34
180,2024-02-21 12:30:00,5381.0,NSE,5381.0,5380.1,5380.1,LTTEC,27
181,2024-02-21 12:31:00,5381.05,NSE,5384.0,5381.0,5381.0,LTTEC,18
182,2024-02-21 12:32:00,5384.95,NSE,5385.0,5381.05,5381.05,LTTEC,104
183,2024-02-21 12:33:00,5385.0,NSE,5385.0,5384.95,5384.95,LTTEC,17
184,2024-02-21 12:34:00,5384.95,NSE,5385.0,5384.95,5385.0,LTTEC,1
185,2024-02-21 12:35:00,5384.75,NSE,5384.95,5384.75,5384.95,LTTEC,112
186,2024-02-21 12:36:00,5384.75,NSE,5384.75,5384.75,5384.75,LTTEC,0
187,2024-02-21 12:37:00,5385.0,NSE,5385.0,5384.75,5384.75,LTTEC,91
188,2024-02-21 12:38:00,5382.55,NSE,5385.0,5382.55,5385.0,LTTEC,10
189,2024-02-21 12:39:00,5385.3,NSE,5385.3,5382.55,5382.55,LTTEC,9
190,2024-02-21 12:40:00,5378.55,NSE,5385.3,5378.55,5385.3,LTTEC,1022
191,2024-02-21 12:41:00,5370.6,NSE,5379.35,5370.6,5378.55,LTTEC,267
192,2024-02-21 12:42:00,5378.65,NSE,5378.65,5370.6,5370.6,LTTEC,6
193,2024-02-21 12:43:00,5378.65,NSE,5381.3,5378.65,5378.65,LTTEC,62
194,2024-02-21 12:44:00,5377.55,NSE,5378.65,5377.55,5378.65,LTTEC,67
195,2024-02-21 12:45:00,5376.7,NSE,5380.5,5376.7,5377.55,LTTEC,105
196,2024-02-21 12:46:00,5373.15,NSE,5379.15,5373.15,5376.7,LTTEC,28
197,2024-02-21 12:47:00,5377.15,NSE,5377.15,5373.15,5373.15,LTTEC,5
198,2024-02-21 12:48:00,5377.3,NSE,5377.3,5377.15,5377.15,LTTEC,87
199,2024-02-21 12:49:00,5377.3,NSE,5377.3,5377.3,5377.3,LTTEC,38
200,2024-02-21 12:50:00,5371.15,NSE,5377.3,5371.15,5377.3,LTTEC,506
201,2024-02-21 12:51:00,5377.3,NSE,5377.3,5371.15,5371.15,LTTEC,423
202,2024-02-21 12:52:00,5377.3,NSE,5377.3,5377.3,5377.3,LTTEC,0
203,2024-02-21 12:53:00,5380.0,NSE,5380.0,5377.3,5377.3,LTTEC,4
204,2024-02-21 12:54:00,5386.0,NSE,5386.0,5380.0,5380.0,LTTEC,52
205,2024-02-21 12:55:00,5387.0,NSE,5387.9,5386.0,5386.0,LTTEC,78
206,2024-02-21 12:56:00,5387.0,NSE,5388.0,5387.0,5387.0,LTTEC,66
207,2024-02-21 12:57:00,5387.05,NSE,5388.0,5387.0,5387.0,LTTEC,105
208,2024-02-21 12:58:00,5385.85,NSE,5389.65,5385.85,5387.05,LTTEC,65
209,2024-02-21 12:59:00,5375.0,NSE,5385.95,5375.0,5385.95,LTTEC,84
210,2024-02-21 13:00:00,5378.0,NSE,5379.15,5375.0,5375.0,LTTEC,25
211,2024-02-21 13:01:00,5383.85,NSE,5393.8,5378.0,5378.0,LTTEC,3125
212,2024-02-21 13:02:00,5376.05,NSE,5383.85,5376.05,5383.85,LTTEC,56
213,2024-02-21 13:03:00,5377.75,NSE,5378.6,5375.0,5376.05,LTTEC,33
214,2024-02-21 13:04:00,5377.15,NSE,5378.95,5377.0,5377.75,LTTEC,59
215,2024-02-21 13:05:00,5372.95,NSE,5377.15,5368.4,5377.15,LTTEC,1008
216,2024-02-21 13:06:00,5370.0,NSE,5375.95,5366.3,5372.95,LTTEC,812
217,2024-02-21 13:07:00,5360.0,NSE,5370.0,5360.0,5370.0,LTTEC,17965
218,2024-02-21 13:08:00,5363.35,NSE,5363.35,5360.0,5360.0,LTTEC,32
219,2024-02-21 13:09:00,5360.85,NSE,5364.2,5360.0,5363.35,LTTEC,193
220,2024-02-21 13:10:00,5360.0,NSE,5364.85,5360.0,5360.85,LTTEC,183
221,2024-02-21 13:11:00,5362.55,NSE,5362.85,5360.0,5360.0,LTTEC,244
222,2024-02-21 13:12:00,5362.0,NSE,5363.0,5361.1,5362.55,LTTEC,37
223,2024-02-21 13:13:00,5364.2,NSE,5364.65,5362.0,5362.0,LTTEC,36
224,2024-02-21 13:14:00,5366.05,NSE,5367.1,5363.0,5364.2,LTTEC,23
225,2024-02-21 13:15:00,5366.3,NSE,5368.15,5366.05,5366.05,LTTEC,274
226,2024-02-21 13:16:00,5366.5,NSE,5367.85,5366.35,5367.85,LTTEC,11
227,2024-02-21 13:17:00,5364.95,NSE,5368.45,5364.95,5366.5,LTTEC,181
228,2024-02-21 13:18:00,5367.7,NSE,5367.7,5364.6,5364.6,LTTEC,16
229,2024-02-21 13:19:00,5368.0,NSE,5368.0,5367.7,5367.7,LTTEC,22
230,2024-02-21 13:20:00,5368.0,NSE,5368.9,5367.15,5368.0,LTTEC,112
231,2024-02-21 13:21:00,5369.85,NSE,5369.85,5368.0,5368.0,LTTEC,7
232,2024-02-21 13:22:00,5370.4,NSE,5372.6,5365.95,5369.85,LTTEC,313
233,2024-02-21 13:23:00,5367.5,NSE,5370.4,5365.75,5370.4,LTTEC,4
234,2024-02-21 13:24:00,5366.35,NSE,5367.5,5365.65,5367.5,LTTEC,7
235,2024-02-21 13:25:00,5365.25,NSE,5366.4,5363.0,5366.35,LTTEC,274
236,2024-02-21 13:26:00,5360.95,NSE,5365.25,5358.35,5365.25,LTTEC,391
237,2024-02-21 13:27:00,5357.85,NSE,5361.25,5356.55,5360.95,LTTEC,48
238,2024-02-21 13:28:00,5358.25,NSE,5360.0,5357.85,5357.85,LTTEC,44
239,2024-02-21 13:29:00,5360.0,NSE,5360.0,5357.85,5358.25,LTTEC,87
240,2024-02-21 13:30:00,5356.35,NSE,5360.0,5356.0,5360.0,LTTEC,188
241,2024-02-21 13:31:00,5357.4,NSE,5357.4,5355.4,5356.35,LTTEC,26
242,2024-02-21 13:32:00,5360.85,NSE,5364.3,5356.0,5357.4,LTTEC,109
243,2024-02-21 13:33:00,5361.5,NSE,5363.75,5360.85,5360.85,LTTEC,11
244,2024-02-21 13:34:00,5361.6,NSE,5364.2,5361.5,5361.5,LTTEC,5
245,2024-02-21 13:35:00,5364.0,NSE,5364.0,5361.6,5361.6,LTTEC,75
246,2024-02-21 13:36:00,5363.0,NSE,5364.0,5362.4,5364.0,LTTEC,58
247,2024-02-21 13:37:00,5363.2,NSE,5364.0,5362.4,5363.0,LTTEC,29
248,2024-02-21 13:38:00,5362.85,NSE,5364.5,5362.4,5363.2,LTTEC,63
249,2024-02-21 13:39:00,5367.2,NSE,5369.25,5362.5,5362.85,LTTEC,120
250,2024-02-21 13:40:00,5363.5,NSE,5370.9,5363.5,5365.35,LTTEC,179
251,2024-02-21 13:41:00,5360.0,NSE,5366.4,5360.0,5363.5,LTTEC,100
252,2024-02-21 13:42:00,5357.2,NSE,5360.0,5352.4,5360.0,LTTEC,316
253,2024-02-21 13:43:00,5352.9,NSE,5357.8,5352.9,5357.2,LTTEC,67
254,2024-02-21 13:44:00,5353.25,NSE,5358.45,5352.9,5352.9,LTTEC,414
255,2024-02-21 13:45:00,5354.9,NSE,5354.95,5352.85,5353.25,LTTEC,72
256,2024-02-21 13:46:00,5353.5,NSE,5354.9,5353.0,5354.9,LTTEC,91
257,2024-02-21 13:47:00,5355.0,NSE,5356.2,5352.4,5353.5,LTTEC,166
258,2024-02-21 13:48:00,5350.0,NSE,5351.95,5350.0,5350.5,LTTEC,325
259,2024-02-21 13:49:00,5346.05,NSE,5350.0,5343.6,5350.0,LTTEC,633
260,2024-02-21 13:50:00,5350.0,NSE,5350.0,5344.0,5348.95,LTTEC,243
261,2024-02-21 13:51:00,5353.45,NSE,5355.95,5347.5,5350.0,LTTEC,290
262,2024-02-21 13:52:00,5351.45,NSE,5353.45,5348.5,5353.45,LTTEC,89
263,2024-02-21 13:53:00,5354.9,NSE,5354.9,5351.45,5351.45,LTTEC,25
264,2024-02-21 13:54:00,5351.95,NSE,5354.9,5351.85,5354.9,LTTEC,57
265,2024-02-21 13:55:00,5356.0,NSE,5356.0,5351.8,5351.95,LTTEC,52
266,2024-02-21 13:56:00,5352.15,NSE,5356.0,5351.75,5356.0,LTTEC,6
267,2024-02-21 13:57:00,5353.15,NSE,5356.0,5352.15,5352.15,LTTEC,17
268,2024-02-21 13:58:00,5354.15,NSE,5355.5,5353.15,5353.15,LTTEC,45
269,2024-02-21 13:59:00,5354.3,NSE,5355.95,5354.15,5354.15,LTTEC,60
270,2024-02-21 14:00:00,5355.6,NSE,5355.6,5354.15,5354.15,LTTEC,34
271,2024-02-21 14:01:00,5347.05,NSE,5355.8,5347.05,5355.6,LTTEC,141
272,2024-02-21 14:02:00,5343.5,NSE,5348.7,5343.5,5347.0,LTTEC,255
273,2024-02-21 14:03:00,5343.1,NSE,5343.5,5337.45,5343.5,LTTEC,557
274,2024-02-21 14:04:00,5351.85,NSE,5351.85,5343.0,5343.1,LTTEC,91
275,2024-02-21 14:05:00,5353.45,NSE,5353.45,5344.75,5351.85,LTTEC,431
276,2024-02-21 14:06:00,5353.4,NSE,5354.95,5350.2,5353.45,LTTEC,48
277,2024-02-21 14:07:00,5354.95,NSE,5354.95,5353.2,5353.4,LTTEC,17
278,2024-02-21 14:08:00,5349.95,NSE,5354.95,5349.95,5354.95,LTTEC,60
279,2024-02-21 14:09:00,5350.9,NSE,5355.0,5349.1,5349.95,LTTEC,215
280,2024-02-21 14:10:00,5350.75,NSE,5350.9,5350.75,5350.9,LTTEC,50
281,2024-02-21 14:11:00,5341.75,NSE,5352.65,5341.75,5350.75,LTTEC,230
282,2024-02-21 14:12:00,5340.0,NSE,5345.0,5340.0,5341.75,LTTEC,261
283,2024-02-21 14:13:00,5344.5,NSE,5344.5,5340.0,5340.0,LTTEC,16
284,2024-02-21 14:14:00,5344.75,NSE,5344.9,5341.9,5344.5,LTTEC,22
285,2024-02-21 14:15:00,5342.9,NSE,5345.0,5342.9,5344.75,LTTEC,75
286,2024-02-21 14:16:00,5343.35,NSE,5349.2,5342.9,5342.9,LTTEC,137
287,2024-02-21 14:17:00,5345.7,NSE,5345.7,5343.35,5343.35,LTTEC,32
288,2024-02-21 14:18:00,5345.15,NSE,5348.8,5344.9,5345.7,LTTEC,23
289,2024-02-21 14:19:00,5348.0,NSE,5348.45,5345.15,5345.15,LTTEC,22
290,2024-02-21 14:20:00,5348.4,NSE,5350.0,5348.4,5350.0,LTTEC,43
291,2024-02-21 14:21:00,5347.55,NSE,5348.4,5345.55,5348.4,LTTEC,9
292,2024-02-21 14:22:00,5342.25,NSE,5347.55,5342.25,5347.55,LTTEC,107
293,2024-02-21 14:23:00,5329.4,NSE,5342.25,5326.6,5342.25,LTTEC,1252
294,2024-02-21 14:24:00,5330.75,NSE,5335.0,5326.6,5329.4,LTTEC,761
295,2024-02-21 14:25:00,5330.05,NSE,5336.9,5327.35,5330.75,LTTEC,155
296,2024-02-21 14:26:00,5327.0,NSE,5331.7,5327.0,5330.05,LTTEC,274
297,2024-02-21 14:27:00,5325.0,NSE,5330.0,5325.0,5327.0,LTTEC,626
298,2024-02-21 14:28:00,5325.0,NSE,5331.85,5322.9,5325.0,LTTEC,267
299,2024-02-21 14:29:00,5328.8,NSE,5328.8,5322.0,5322.1,LTTEC,440
300,2024-02-21 14:30:00,5327.0,NSE,5328.8,5322.95,5328.8,LTTEC,216
301,2024-02-21 14:31:00,5327.75,NSE,5327.8,5321.15,5327.0,LTTEC,226
302,2024-02-21 14:32:00,5325.0,NSE,5327.75,5323.05,5327.75,LTTEC,127
303,2024-02-21 14:33:00,5323.1,NSE,5325.0,5323.05,5325.0,LTTEC,28
304,2024-02-21 14:34:00,5325.0,NSE,5325.0,5323.1,5323.1,LTTEC,7
305,2024-02-21 14:35:00,5315.05,NSE,5325.0,5315.05,5325.0,LTTEC,447
306,2024-02-21 14:36:00,5317.4,NSE,5318.05,5312.1,5312.5,LTTEC,578
307,2024-02-21 14:37:00,5321.85,NSE,5321.85,5313.2,5316.5,LTTEC,1611
308,2024-02-21 14:38:00,5324.55,NSE,5325.0,5321.4,5321.85,LTTEC,180
309,2024-02-21 14:39:00,5311.15,NSE,5324.55,5308.3,5324.55,LTTEC,1253
310,2024-02-21 14:40:00,5311.45,NSE,5311.45,5303.55,5310.0,LTTEC,432
311,2024-02-21 14:41:00,5318.0,NSE,5319.25,5311.45,5311.45,LTTEC,874
312,2024-02-21 14:42:00,5314.95,NSE,5318.0,5312.05,5318.0,LTTEC,30
313,2024-02-21 14:43:00,5315.1,NSE,5317.95,5314.95,5314.95,LTTEC,115
314,2024-02-21 14:44:00,5315.3,NSE,5315.35,5311.5,5312.4,LTTEC,116
315,2024-02-21 14:45:00,5312.45,NSE,5315.25,5310.0,5315.25,LTTEC,132
316,2024-02-21 14:46:00,5309.0,NSE,5310.45,5305.05,5308.0,LTTEC,81
317,2024-02-21 14:47:00,5305.5,NSE,5309.5,5302.9,5309.5,LTTEC,146
318,2024-02-21 14:48:00,5306.95,NSE,5307.4,5305.5,5307.4,LTTEC,53
319,2024-02-21 14:49:00,5302.25,NSE,5312.25,5301.85,5307.15,LTTEC,914
320,2024-02-21 14:50:00,5308.4,NSE,5308.4,5302.0,5302.0,LTTEC,375
321,2024-02-21 14:51:00,5307.9,NSE,5311.7,5307.9,5308.4,LTTEC,302
322,2024-02-21 14:52:00,5310.05,NSE,5313.75,5307.15,5311.8,LTTEC,157
323,2024-02-21 14:53:00,5299.35,NSE,5312.55,5298.0,5310.05,LTTEC,487
324,2024-02-21 14:54:00,5299.4,NSE,5299.4,5294.0,5299.35,LTTEC,575
325,2024-02-21 14:55:00,5296.6,NSE,5302.4,5296.6,5302.4,LTTEC,323
326,2024-02-21 14:56:00,5294.35,NSE,5299.55,5284.75,5295.6,LTTEC,2120
327,2024-02-21 14:57:00,5289.9,NSE,5294.4,5289.9,5294.0,LTTEC,395
328,2024-02-21 14:58:00,5292.95,NSE,5293.8,5281.0,5289.9,LTTEC,599
329,2024-02-21 14:59:00,5299.0,NSE,5299.0,5288.55,5292.95,LTTEC,393
330,2024-02-21 15:00:00,5302.65,NSE,5312.05,5290.9,5298.1,LTTEC,1601
331,2024-02-21 15:01:00,5291.6,NSE,5304.15,5291.6,5302.65,LTTEC,285
332,2024-02-21 15:02:00,5293.0,NSE,5298.0,5291.6,5291.6,LTTEC,297
333,2024-02-21 15:03:00,5274.0,NSE,5294.95,5265.7,5293.0,LTTEC,2139
334,2024-02-21 15:04:00,5285.2,NSE,5285.2,5272.9,5274.0,LTTEC,407
335,2024-02-21 15:05:00,5283.2,NSE,5289.8,5280.15,5283.25,LTTEC,309
336,2024-02-21 15:06:00,5275.0,NSE,5283.2,5275.0,5283.2,LTTEC,648
337,2024-02-21 15:07:00,5276.5,NSE,5281.6,5275.2,5279.05,LTTEC,393
338,2024-02-21 15:08:00,5285.55,NSE,5288.5,5276.7,5280.9,LTTEC,569
339,2024-02-21 15:09:00,5298.15,NSE,5298.15,5285.2,5285.2,LTTEC,871
340,2024-02-21 15:10:00,5299.4,NSE,5310.25,5295.85,5298.15,LTTEC,1005
341,2024-02-21 15:11:00,5294.95,NSE,5299.05,5291.85,5299.05,LTTEC,729
342,2024-02-21 15:12:00,5291.95,NSE,5294.95,5290.0,5294.95,LTTEC,382
343,2024-02-21 15:13:00,5297.0,NSE,5300.0,5292.0,5292.0,LTTEC,932
344,2024-02-21 15:14:00,5293.55,NSE,5299.55,5293.55,5297.4,LTTEC,349
345,2024-02-21 15:15:00,5296.05,NSE,5296.05,5290.15,5296.0,LTTEC,462
346,2024-02-21 15:16:00,5277.2,NSE,5295.55,5276.55,5295.55,LTTEC,4424
347,2024-02-21 15:17:00,5272.0,NSE,5278.35,5272.0,5272.6,LTTEC,472
348,2024-02-21 15:18:00,5262.2,NSE,5273.95,5262.2,5272.0,LTTEC,869
349,2024-02-21 15:19:00,5256.55,NSE,5261.95,5255.65,5261.95,LTTEC,1018
350,2024-02-21 15:20:00,5258.95,NSE,5261.85,5252.6,5257.45,LTTEC,2662
351,2024-02-21 15:21:00,5264.5,NSE,5264.9,5253.7,5258.5,LTTEC,599
352,2024-02-21 15:22:00,5262.3,NSE,5266.2,5260.0,5264.5,LTTEC,606
353,2024-02-21 15:23:00,5262.7,NSE,5265.0,5260.05,5264.2,LTTEC,524
354,2024-02-21 15:24:00,5258.0,NSE,5262.9,5256.0,5261.95,LTTEC,809
355,2024-02-21 15:25:00,5256.2,NSE,5259.5,5250.05,5258.0,LTTEC,658
356,2024-02-21 15:26:00,5252.45,NSE,5255.8,5250.0,5255.8,LTTEC,968
357,2024-02-21 15:27:00,5255.0,NSE,5255.0,5250.9,5252.45,LTTEC,414
358,2024-02-21 15:28:00,5260.0,NSE,5260.0,5253.0,5255.0,LTTEC,284
359,2024-02-21 15:29:00,5252.0,NSE,5274.1,5252.0,5257.05,LTTEC,788
