,Unnamed: 0,close,datetime,exchange_code,high,low,open,stock_code,volume
0,0,1290.0,2024-02-21 09:07:00,NSE,1290.0,1290.0,1290.0,BLUSTA,0
1,1,1288.6,2024-02-21 09:15:00,NSE,1293.0,1288.3,1292.8,BLUSTA,1155
2,2,1283.7,2024-02-21 09:16:00,NSE,1287.6,1282.8,1287.6,BLUSTA,511
3,3,1282.25,2024-02-21 09:17:00,NSE,1284.85,1281.0,1283.95,BLUSTA,349
4,4,1280.4,2024-02-21 09:18:00,NSE,1283.05,1280.1,1282.25,BLUSTA,554
5,5,1285.65,2024-02-21 09:19:00,NSE,1285.65,1281.95,1281.95,BLUSTA,725
6,6,1284.0,2024-02-21 09:20:00,NSE,1284.0,1282.4,1283.6,BLUSTA,233
7,7,1281.9,2024-02-21 09:21:00,NSE,1284.25,1281.9,1284.0,BLUSTA,59
8,8,1281.3,2024-02-21 09:22:00,NSE,1283.6,1280.5,1281.9,BLUSTA,355
9,9,1281.0,2024-02-21 09:23:00,NSE,1282.0,1280.6,1281.3,BLUSTA,79
10,10,1281.7,2024-02-21 09:24:00,NSE,1283.3,1280.75,1281.0,BLUSTA,363
11,11,1282.25,2024-02-21 09:25:00,NSE,1282.65,1280.25,1282.65,BLUSTA,173
12,12,1282.95,2024-02-21 09:26:00,NSE,1282.95,1279.55,1282.25,BLUSTA,446
13,13,1284.5,2024-02-21 09:27:00,NSE,1284.5,1282.25,1282.95,BLUSTA,317
14,14,1284.85,2024-02-21 09:28:00,NSE,1285.6,1283.8,1284.1,BLUSTA,350
15,15,1286.1,2024-02-21 09:29:00,NSE,1286.1,1284.55,1284.55,BLUSTA,219
16,16,1285.85,2024-02-21 09:30:00,NSE,1288.0,1285.0,1287.95,BLUSTA,199
17,17,1285.5,2024-02-21 09:31:00,NSE,1285.85,1284.0,1285.85,BLUSTA,118
18,18,1288.05,2024-02-21 09:32:00,NSE,1290.4,1284.3,1284.3,BLUSTA,980
19,19,1290.0,2024-02-21 09:33:00,NSE,1290.0,1286.65,1286.65,BLUSTA,2213
20,20,1291.85,2024-02-21 09:34:00,NSE,1292.1,1290.0,1290.0,BLUSTA,75
21,21,1293.0,2024-02-21 09:35:00,NSE,1293.0,1292.25,1292.25,BLUSTA,697
22,22,1293.0,2024-02-21 09:36:00,NSE,1293.0,1292.95,1293.0,BLUSTA,298
23,23,1291.0,2024-02-21 09:37:00,NSE,1293.0,1290.7,1292.95,BLUSTA,174
24,24,1291.2,2024-02-21 09:38:00,NSE,1292.45,1290.7,1290.7,BLUSTA,340
25,25,1292.15,2024-02-21 09:39:00,NSE,1292.5,1291.2,1291.2,BLUSTA,158
26,26,1292.0,2024-02-21 09:40:00,NSE,1292.45,1290.95,1292.45,BLUSTA,138
27,27,1291.95,2024-02-21 09:41:00,NSE,1292.0,1291.2,1292.0,BLUSTA,90
28,28,1291.25,2024-02-21 09:42:00,NSE,1291.95,1290.85,1291.95,BLUSTA,13
29,29,1291.55,2024-02-21 09:43:00,NSE,1292.45,1290.7,1291.25,BLUSTA,219
30,30,1290.9,2024-02-21 09:44:00,NSE,1292.5,1290.9,1291.55,BLUSTA,136
31,31,1290.8,2024-02-21 09:45:00,NSE,1291.8,1290.5,1290.9,BLUSTA,164
32,32,1292.45,2024-02-21 09:46:00,NSE,1292.5,1290.8,1290.8,BLUSTA,120
33,33,1292.35,2024-02-21 09:47:00,NSE,1292.45,1291.3,1292.45,BLUSTA,13
34,34,1293.0,2024-02-21 09:48:00,NSE,1293.0,1292.15,1292.45,BLUSTA,104
35,35,1293.5,2024-02-21 09:49:00,NSE,1293.5,1292.2,1293.0,BLUSTA,884
36,36,1294.15,2024-02-21 09:50:00,NSE,1294.15,1292.6,1293.9,BLUSTA,620
37,37,1295.0,2024-02-21 09:51:00,NSE,1295.0,1293.7,1294.15,BLUSTA,397
38,38,1294.0,2024-02-21 09:52:00,NSE,1295.0,1294.0,1294.1,BLUSTA,184
39,39,1293.5,2024-02-21 09:53:00,NSE,1294.0,1293.3,1294.0,BLUSTA,137
40,40,1290.0,2024-02-21 09:54:00,NSE,1293.5,1290.0,1293.5,BLUSTA,131
41,41,1291.75,2024-02-21 09:55:00,NSE,1291.75,1291.0,1291.3,BLUSTA,16
42,42,1291.85,2024-02-21 09:56:00,NSE,1291.85,1291.0,1291.75,BLUSTA,104
43,43,1291.9,2024-02-21 09:57:00,NSE,1291.9,1290.3,1291.9,BLUSTA,253
44,44,1293.0,2024-02-21 09:58:00,NSE,1293.0,1291.9,1291.9,BLUSTA,78
45,45,1292.8,2024-02-21 09:59:00,NSE,1293.0,1292.8,1293.0,BLUSTA,230
46,46,1293.45,2024-02-21 10:00:00,NSE,1293.45,1291.95,1292.6,BLUSTA,371
47,47,1293.45,2024-02-21 10:01:00,NSE,1293.45,1291.8,1293.45,BLUSTA,147
48,48,1292.45,2024-02-21 10:02:00,NSE,1293.45,1292.25,1293.45,BLUSTA,149
49,49,1294.75,2024-02-21 10:03:00,NSE,1294.75,1293.8,1293.8,BLUSTA,87
50,50,1294.75,2024-02-21 10:04:00,NSE,1294.75,1293.65,1294.75,BLUSTA,33
51,51,1294.65,2024-02-21 10:05:00,NSE,1294.7,1293.65,1294.7,BLUSTA,42
52,52,1292.6,2024-02-21 10:06:00,NSE,1294.7,1292.6,1294.65,BLUSTA,616
53,53,1294.25,2024-02-21 10:07:00,NSE,1294.25,1293.85,1293.85,BLUSTA,22
54,54,1294.9,2024-02-21 10:08:00,NSE,1294.9,1293.0,1293.85,BLUSTA,99
55,55,1294.9,2024-02-21 10:09:00,NSE,1294.9,1294.35,1294.9,BLUSTA,22
56,56,1296.7,2024-02-21 10:10:00,NSE,1296.8,1294.9,1294.9,BLUSTA,3432
57,57,1296.75,2024-02-21 10:11:00,NSE,1296.8,1296.65,1296.65,BLUSTA,574
58,58,1294.4,2024-02-21 10:12:00,NSE,1297.0,1294.4,1296.75,BLUSTA,400
59,59,1296.25,2024-02-21 10:13:00,NSE,1296.7,1295.65,1295.65,BLUSTA,371
60,60,1295.9,2024-02-21 10:14:00,NSE,1296.4,1294.35,1296.25,BLUSTA,296
61,61,1296.5,2024-02-21 10:15:00,NSE,1296.5,1295.5,1295.6,BLUSTA,53
62,62,1298.0,2024-02-21 10:16:00,NSE,1298.0,1296.5,1296.5,BLUSTA,601
63,63,1298.25,2024-02-21 10:17:00,NSE,1298.35,1297.0,1298.0,BLUSTA,319
64,64,1297.5,2024-02-21 10:18:00,NSE,1298.45,1297.5,1298.25,BLUSTA,35
65,65,1298.3,2024-02-21 10:19:00,NSE,1298.8,1297.0,1298.45,BLUSTA,216
66,66,1296.9,2024-02-21 10:20:00,NSE,1297.6,1296.0,1296.8,BLUSTA,255
67,67,1294.85,2024-02-21 10:21:00,NSE,1297.1,1294.7,1296.9,BLUSTA,124
68,68,1296.6,2024-02-21 10:22:00,NSE,1296.6,1294.0,1294.85,BLUSTA,449
69,69,1296.0,2024-02-21 10:23:00,NSE,1296.6,1294.85,1296.6,BLUSTA,109
70,70,1296.6,2024-02-21 10:24:00,NSE,1296.6,1295.15,1296.0,BLUSTA,97
71,71,1297.6,2024-02-21 10:25:00,NSE,1297.6,1296.1,1296.65,BLUSTA,216
72,72,1297.5,2024-02-21 10:26:00,NSE,1297.6,1296.65,1297.6,BLUSTA,29
73,73,1295.4,2024-02-21 10:27:00,NSE,1297.6,1295.4,1297.6,BLUSTA,77
74,74,1292.35,2024-02-21 10:28:00,NSE,1295.4,1292.35,1295.4,BLUSTA,483
75,75,1292.95,2024-02-21 10:29:00,NSE,1293.65,1292.35,1292.35,BLUSTA,36
76,76,1293.9,2024-02-21 10:30:00,NSE,1293.9,1292.0,1292.35,BLUSTA,311
77,77,1294.0,2024-02-21 10:31:00,NSE,1295.65,1294.0,1294.9,BLUSTA,124
78,78,1294.0,2024-02-21 10:32:00,NSE,1295.8,1293.55,1294.0,BLUSTA,149
79,79,1294.85,2024-02-21 10:33:00,NSE,1295.0,1294.0,1294.0,BLUSTA,47
80,80,1294.45,2024-02-21 10:34:00,NSE,1294.85,1292.95,1294.85,BLUSTA,96
81,81,1294.6,2024-02-21 10:35:00,NSE,1294.65,1293.6,1294.35,BLUSTA,225
82,82,1296.8,2024-02-21 10:36:00,NSE,1297.55,1293.9,1294.6,BLUSTA,1116
83,83,1296.0,2024-02-21 10:37:00,NSE,1296.9,1295.25,1296.8,BLUSTA,137
84,84,1294.4,2024-02-21 10:38:00,NSE,1296.2,1294.4,1296.0,BLUSTA,95
85,85,1295.85,2024-02-21 10:39:00,NSE,1296.15,1295.85,1296.15,BLUSTA,12
86,86,1293.85,2024-02-21 10:40:00,NSE,1295.85,1293.8,1295.85,BLUSTA,240
87,87,1295.1,2024-02-21 10:41:00,NSE,1295.1,1293.8,1293.85,BLUSTA,52
88,88,1295.0,2024-02-21 10:42:00,NSE,1296.0,1294.2,1295.1,BLUSTA,161
89,89,1294.05,2024-02-21 10:43:00,NSE,1295.0,1294.05,1295.0,BLUSTA,52
90,90,1294.05,2024-02-21 10:44:00,NSE,1294.95,1294.05,1294.05,BLUSTA,151
91,91,1294.95,2024-02-21 10:45:00,NSE,1294.95,1294.05,1294.05,BLUSTA,51
92,92,1294.7,2024-02-21 10:46:00,NSE,1294.7,1293.8,1293.8,BLUSTA,338
93,93,1294.8,2024-02-21 10:47:00,NSE,1295.0,1293.85,1294.7,BLUSTA,68
94,94,1294.6,2024-02-21 10:48:00,NSE,1294.8,1294.0,1294.8,BLUSTA,33
95,95,1297.4,2024-02-21 10:49:00,NSE,1297.4,1293.8,1294.6,BLUSTA,1832
96,96,1293.8,2024-02-21 10:50:00,NSE,1295.45,1293.8,1295.45,BLUSTA,52
97,97,1296.3,2024-02-21 10:51:00,NSE,1296.3,1293.8,1293.8,BLUSTA,130
98,98,1294.8,2024-02-21 10:52:00,NSE,1296.85,1294.8,1296.3,BLUSTA,125
99,99,1295.95,2024-02-21 10:53:00,NSE,1295.95,1294.8,1294.8,BLUSTA,28
100,100,1295.95,2024-02-21 10:54:00,NSE,1295.95,1295.95,1295.95,BLUSTA,3
101,101,1293.85,2024-02-21 10:55:00,NSE,1295.9,1293.85,1295.9,BLUSTA,67
102,102,1295.05,2024-02-21 10:56:00,NSE,1295.45,1293.85,1293.85,BLUSTA,88
103,103,1295.05,2024-02-21 10:57:00,NSE,1295.65,1295.05,1295.65,BLUSTA,75
104,104,1294.2,2024-02-21 10:58:00,NSE,1295.9,1294.1,1295.05,BLUSTA,95
105,105,1294.35,2024-02-21 10:59:00,NSE,1294.9,1293.8,1294.2,BLUSTA,387
106,106,1294.95,2024-02-21 11:00:00,NSE,1294.95,1293.8,1294.35,BLUSTA,101
107,107,1294.25,2024-02-21 11:01:00,NSE,1295.95,1293.8,1294.95,BLUSTA,337
108,108,1294.05,2024-02-21 11:02:00,NSE,1295.6,1294.05,1294.25,BLUSTA,173
109,109,1293.85,2024-02-21 11:03:00,NSE,1295.15,1293.85,1295.15,BLUSTA,27
110,110,1295.95,2024-02-21 11:04:00,NSE,1295.95,1293.85,1293.85,BLUSTA,38
111,111,1294.9,2024-02-21 11:05:00,NSE,1295.95,1294.85,1295.95,BLUSTA,107
112,112,1295.0,2024-02-21 11:06:00,NSE,1297.0,1295.0,1295.95,BLUSTA,541
113,113,1295.85,2024-02-21 11:07:00,NSE,1297.0,1295.0,1295.0,BLUSTA,51
114,114,1297.0,2024-02-21 11:08:00,NSE,1297.0,1295.85,1295.85,BLUSTA,114
115,115,1297.5,2024-02-21 11:09:00,NSE,1297.5,1297.0,1297.0,BLUSTA,6
116,116,1297.85,2024-02-21 11:10:00,NSE,1298.15,1297.5,1297.5,BLUSTA,175
117,117,1296.8,2024-02-21 11:11:00,NSE,1297.85,1296.8,1297.85,BLUSTA,53
118,118,1296.8,2024-02-21 11:12:00,NSE,1296.8,1296.8,1296.8,BLUSTA,23
119,119,1296.65,2024-02-21 11:13:00,NSE,1296.8,1295.75,1296.8,BLUSTA,22
120,120,1296.1,2024-02-21 11:14:00,NSE,1296.7,1295.35,1295.35,BLUSTA,74
121,121,1294.9,2024-02-21 11:15:00,NSE,1296.1,1294.9,1296.1,BLUSTA,35
122,122,1296.0,2024-02-21 11:16:00,NSE,1296.0,1294.9,1294.9,BLUSTA,26
123,123,1294.55,2024-02-21 11:17:00,NSE,1296.3,1294.55,1296.0,BLUSTA,270
124,124,1294.15,2024-02-21 11:18:00,NSE,1295.55,1294.15,1294.55,BLUSTA,84
125,125,1294.0,2024-02-21 11:19:00,NSE,1295.35,1294.0,1294.15,BLUSTA,8
126,126,1295.25,2024-02-21 11:20:00,NSE,1295.25,1294.0,1294.0,BLUSTA,13
127,127,1294.2,2024-02-21 11:21:00,NSE,1295.9,1294.2,1295.25,BLUSTA,79
128,128,1295.35,2024-02-21 11:22:00,NSE,1295.35,1294.2,1294.2,BLUSTA,3
129,129,1293.8,2024-02-21 11:23:00,NSE,1295.35,1293.8,1295.35,BLUSTA,181
130,130,1294.55,2024-02-21 11:24:00,NSE,1294.55,1293.8,1293.8,BLUSTA,6
131,131,1293.85,2024-02-21 11:25:00,NSE,1294.85,1293.8,1294.85,BLUSTA,78
132,132,1293.8,2024-02-21 11:26:00,NSE,1293.85,1293.4,1293.85,BLUSTA,36
133,133,1294.25,2024-02-21 11:27:00,NSE,1294.25,1293.05,1293.8,BLUSTA,121
134,134,1294.6,2024-02-21 11:28:00,NSE,1294.6,1293.5,1294.25,BLUSTA,37
135,135,1294.05,2024-02-21 11:29:00,NSE,1294.05,1294.05,1294.05,BLUSTA,8
136,136,1294.95,2024-02-21 11:30:00,NSE,1294.95,1294.05,1294.05,BLUSTA,32
137,137,1294.95,2024-02-21 11:31:00,NSE,1294.95,1294.95,1294.95,BLUSTA,22
138,138,1294.95,2024-02-21 11:32:00,NSE,1294.95,1294.1,1294.95,BLUSTA,135
139,139,1298.0,2024-02-21 11:33:00,NSE,1298.0,1294.5,1294.5,BLUSTA,335
140,140,1298.8,2024-02-21 11:34:00,NSE,1298.8,1297.85,1298.8,BLUSTA,269
141,141,1298.55,2024-02-21 11:35:00,NSE,1298.8,1297.45,1298.8,BLUSTA,61
142,142,1292.55,2024-02-21 11:36:00,NSE,1299.0,1292.1,1298.6,BLUSTA,24923
143,143,1293.7,2024-02-21 11:37:00,NSE,1293.75,1292.4,1292.7,BLUSTA,77
144,144,1292.7,2024-02-21 11:38:00,NSE,1293.7,1292.7,1293.7,BLUSTA,76
145,145,1292.8,2024-02-21 11:39:00,NSE,1293.4,1292.0,1292.7,BLUSTA,417
146,146,1292.7,2024-02-21 11:40:00,NSE,1292.95,1292.1,1292.75,BLUSTA,169
147,147,1292.7,2024-02-21 11:41:00,NSE,1292.7,1292.7,1292.7,BLUSTA,0
148,148,1294.9,2024-02-21 11:42:00,NSE,1294.9,1292.15,1292.7,BLUSTA,436
149,149,1294.5,2024-02-21 11:43:00,NSE,1294.9,1293.4,1294.9,BLUSTA,66
150,150,1294.0,2024-02-21 11:44:00,NSE,1294.5,1294.0,1294.5,BLUSTA,38
151,151,1295.0,2024-02-21 11:45:00,NSE,1295.0,1294.0,1294.0,BLUSTA,98
152,152,1295.0,2024-02-21 11:46:00,NSE,1295.0,1295.0,1295.0,BLUSTA,145
153,153,1296.1,2024-02-21 11:47:00,NSE,1296.1,1295.0,1295.0,BLUSTA,148
154,154,1297.55,2024-02-21 11:48:00,NSE,1297.55,1295.5,1296.1,BLUSTA,126
155,155,1297.35,2024-02-21 11:49:00,NSE,1298.0,1296.25,1297.55,BLUSTA,836
156,156,1298.0,2024-02-21 11:50:00,NSE,1298.4,1296.25,1296.25,BLUSTA,762
157,157,1297.6,2024-02-21 11:51:00,NSE,1298.0,1296.05,1298.0,BLUSTA,259
158,158,1297.8,2024-02-21 11:52:00,NSE,1297.85,1297.35,1297.6,BLUSTA,139
159,159,1296.85,2024-02-21 11:53:00,NSE,1297.95,1296.85,1297.8,BLUSTA,175
160,160,1298.65,2024-02-21 11:54:00,NSE,1298.65,1296.85,1296.85,BLUSTA,174
161,161,1298.25,2024-02-21 11:55:00,NSE,1298.65,1298.25,1298.65,BLUSTA,116
162,162,1297.1,2024-02-21 11:56:00,NSE,1298.55,1297.1,1298.25,BLUSTA,213
163,163,1296.6,2024-02-21 11:57:00,NSE,1298.65,1296.6,1298.6,BLUSTA,218
164,164,1298.5,2024-02-21 11:58:00,NSE,1298.6,1296.6,1296.6,BLUSTA,121
165,165,1297.65,2024-02-21 11:59:00,NSE,1298.65,1297.45,1298.5,BLUSTA,274
166,166,1297.9,2024-02-21 12:00:00,NSE,1298.65,1297.7,1298.65,BLUSTA,240
167,167,1296.15,2024-02-21 12:01:00,NSE,1298.65,1296.0,1297.2,BLUSTA,442
168,168,1297.5,2024-02-21 12:02:00,NSE,1297.75,1296.15,1296.15,BLUSTA,139
169,169,1297.2,2024-02-21 12:03:00,NSE,1297.2,1297.0,1297.0,BLUSTA,138
170,170,1296.9,2024-02-21 12:04:00,NSE,1298.4,1296.45,1297.5,BLUSTA,346
171,171,1296.9,2024-02-21 12:05:00,NSE,1296.9,1296.9,1296.9,BLUSTA,130
172,172,1297.85,2024-02-21 12:06:00,NSE,1297.85,1296.4,1296.9,BLUSTA,135
173,173,1296.1,2024-02-21 12:07:00,NSE,1297.9,1296.1,1296.65,BLUSTA,184
174,174,1297.4,2024-02-21 12:08:00,NSE,1297.9,1296.1,1296.1,BLUSTA,245
175,175,1297.8,2024-02-21 12:09:00,NSE,1298.4,1296.0,1296.45,BLUSTA,401
176,176,1298.0,2024-02-21 12:10:00,NSE,1298.65,1296.95,1297.8,BLUSTA,246
177,177,1298.5,2024-02-21 12:11:00,NSE,1298.6,1298.3,1298.6,BLUSTA,115
178,178,1297.45,2024-02-21 12:12:00,NSE,1298.5,1295.15,1298.5,BLUSTA,432
179,179,1297.95,2024-02-21 12:13:00,NSE,1297.95,1297.45,1297.45,BLUSTA,115
180,180,1298.45,2024-02-21 12:14:00,NSE,1298.45,1297.85,1297.95,BLUSTA,163
181,181,1297.4,2024-02-21 12:15:00,NSE,1298.6,1297.4,1298.45,BLUSTA,131
182,182,1298.05,2024-02-21 12:16:00,NSE,1298.65,1297.4,1297.4,BLUSTA,154
183,183,1298.3,2024-02-21 12:17:00,NSE,1298.3,1297.05,1298.05,BLUSTA,136
184,184,1298.45,2024-02-21 12:18:00,NSE,1298.45,1297.1,1298.3,BLUSTA,141
185,185,1297.2,2024-02-21 12:19:00,NSE,1298.45,1297.15,1298.45,BLUSTA,144
186,186,1298.0,2024-02-21 12:20:00,NSE,1298.4,1296.7,1297.2,BLUSTA,193
187,187,1298.1,2024-02-21 12:21:00,NSE,1298.15,1296.85,1298.0,BLUSTA,136
188,188,1297.7,2024-02-21 12:22:00,NSE,1297.75,1296.7,1296.7,BLUSTA,184
189,189,1296.4,2024-02-21 12:23:00,NSE,1298.1,1296.4,1297.7,BLUSTA,137
190,190,1298.05,2024-02-21 12:24:00,NSE,1298.05,1296.4,1296.4,BLUSTA,163
191,191,1298.05,2024-02-21 12:25:00,NSE,1298.1,1296.95,1298.05,BLUSTA,118
192,192,1298.1,2024-02-21 12:26:00,NSE,1298.1,1298.05,1298.1,BLUSTA,166
193,193,1298.6,2024-02-21 12:27:00,NSE,1298.6,1297.05,1297.9,BLUSTA,245
194,194,1298.2,2024-02-21 12:28:00,NSE,1298.8,1297.3,1298.75,BLUSTA,174
195,195,1297.45,2024-02-21 12:29:00,NSE,1297.65,1296.15,1296.85,BLUSTA,536
196,196,1297.45,2024-02-21 12:30:00,NSE,1297.45,1297.4,1297.45,BLUSTA,20
197,197,1292.1,2024-02-21 12:31:00,NSE,1297.45,1292.1,1297.45,BLUSTA,1137
198,198,1293.8,2024-02-21 12:32:00,NSE,1293.8,1292.1,1292.1,BLUSTA,61
199,199,1293.3,2024-02-21 12:33:00,NSE,1293.8,1292.45,1293.8,BLUSTA,71
200,200,1288.9,2024-02-21 12:34:00,NSE,1293.3,1288.85,1293.3,BLUSTA,896
201,201,1287.75,2024-02-21 12:35:00,NSE,1288.9,1287.75,1288.9,BLUSTA,296
202,202,1288.8,2024-02-21 12:36:00,NSE,1288.95,1287.75,1287.75,BLUSTA,602
203,203,1290.05,2024-02-21 12:37:00,NSE,1290.5,1289.6,1289.6,BLUSTA,1085
204,204,1288.65,2024-02-21 12:38:00,NSE,1289.35,1288.65,1288.65,BLUSTA,16
205,205,1288.95,2024-02-21 12:39:00,NSE,1290.7,1288.65,1288.65,BLUSTA,127
206,206,1288.3,2024-02-21 12:40:00,NSE,1289.7,1287.0,1288.95,BLUSTA,364
207,207,1289.35,2024-02-21 12:41:00,NSE,1289.35,1288.3,1288.3,BLUSTA,39
208,208,1287.3,2024-02-21 12:42:00,NSE,1289.35,1287.25,1289.35,BLUSTA,59
209,209,1287.35,2024-02-21 12:43:00,NSE,1289.0,1287.3,1287.3,BLUSTA,84
210,210,1288.05,2024-02-21 12:44:00,NSE,1288.05,1286.35,1287.35,BLUSTA,234
211,211,1286.25,2024-02-21 12:45:00,NSE,1288.05,1286.25,1288.05,BLUSTA,66
212,212,1286.0,2024-02-21 12:46:00,NSE,1286.35,1285.2,1286.25,BLUSTA,161
213,213,1286.25,2024-02-21 12:47:00,NSE,1287.45,1285.3,1286.0,BLUSTA,520
214,214,1286.3,2024-02-21 12:48:00,NSE,1287.1,1285.3,1286.25,BLUSTA,139
215,215,1287.95,2024-02-21 12:49:00,NSE,1287.95,1286.3,1286.35,BLUSTA,88
216,216,1287.45,2024-02-21 12:50:00,NSE,1288.15,1286.3,1287.95,BLUSTA,216
217,217,1286.5,2024-02-21 12:51:00,NSE,1287.45,1286.05,1287.45,BLUSTA,48
218,218,1286.35,2024-02-21 12:52:00,NSE,1286.5,1285.2,1286.5,BLUSTA,167
219,219,1286.35,2024-02-21 12:53:00,NSE,1286.35,1286.35,1286.35,BLUSTA,0
220,220,1286.35,2024-02-21 12:54:00,NSE,1286.35,1285.5,1286.35,BLUSTA,100
221,221,1285.15,2024-02-21 12:55:00,NSE,1285.4,1285.15,1285.4,BLUSTA,67
222,222,1285.0,2024-02-21 12:56:00,NSE,1285.15,1285.0,1285.15,BLUSTA,236
223,223,1284.1,2024-02-21 12:57:00,NSE,1284.75,1284.1,1284.75,BLUSTA,14
224,224,1282.45,2024-02-21 12:58:00,NSE,1284.1,1282.05,1284.1,BLUSTA,574
225,225,1282.15,2024-02-21 12:59:00,NSE,1283.45,1282.0,1282.4,BLUSTA,300
226,226,1282.8,2024-02-21 13:00:00,NSE,1282.8,1281.8,1282.15,BLUSTA,41
227,227,1282.8,2024-02-21 13:01:00,NSE,1282.8,1281.2,1282.8,BLUSTA,290
228,228,1282.8,2024-02-21 13:02:00,NSE,1282.8,1282.1,1282.8,BLUSTA,23
229,229,1283.95,2024-02-21 13:03:00,NSE,1283.95,1283.0,1283.0,BLUSTA,123
230,230,1284.6,2024-02-21 13:04:00,NSE,1284.7,1283.95,1283.95,BLUSTA,341
231,231,1282.45,2024-02-21 13:05:00,NSE,1284.6,1282.45,1284.6,BLUSTA,62
232,232,1283.95,2024-02-21 13:06:00,NSE,1283.95,1282.45,1282.45,BLUSTA,15
233,233,1284.3,2024-02-21 13:07:00,NSE,1284.3,1282.6,1283.95,BLUSTA,125
234,234,1284.0,2024-02-21 13:08:00,NSE,1284.3,1284.0,1284.3,BLUSTA,16
235,235,1283.0,2024-02-21 13:09:00,NSE,1283.0,1283.0,1283.0,BLUSTA,28
236,236,1283.0,2024-02-21 13:10:00,NSE,1283.0,1283.0,1283.0,BLUSTA,23
237,237,1282.95,2024-02-21 13:11:00,NSE,1284.15,1282.45,1283.0,BLUSTA,122
238,238,1282.75,2024-02-21 13:12:00,NSE,1283.9,1282.75,1282.95,BLUSTA,248
239,239,1283.35,2024-02-21 13:13:00,NSE,1284.1,1282.75,1282.75,BLUSTA,33
240,240,1284.45,2024-02-21 13:14:00,NSE,1284.45,1284.1,1284.1,BLUSTA,41
241,241,1284.3,2024-02-21 13:15:00,NSE,1284.45,1283.6,1284.45,BLUSTA,40
242,242,1284.3,2024-02-21 13:16:00,NSE,1284.3,1284.3,1284.3,BLUSTA,10
243,243,1284.0,2024-02-21 13:17:00,NSE,1284.3,1284.0,1284.3,BLUSTA,11
244,244,1284.1,2024-02-21 13:18:00,NSE,1284.1,1283.8,1284.0,BLUSTA,86
245,245,1281.5,2024-02-21 13:19:00,NSE,1284.1,1281.5,1284.1,BLUSTA,1516
246,246,1282.7,2024-02-21 13:20:00,NSE,1282.7,1281.35,1282.0,BLUSTA,50
247,247,1283.0,2024-02-21 13:21:00,NSE,1283.05,1282.35,1282.7,BLUSTA,52
248,248,1283.4,2024-02-21 13:22:00,NSE,1283.4,1281.9,1283.2,BLUSTA,49
249,249,1286.0,2024-02-21 13:23:00,NSE,1286.2,1284.05,1284.05,BLUSTA,694
250,250,1286.3,2024-02-21 13:24:00,NSE,1286.3,1286.0,1286.0,BLUSTA,7
251,251,1284.85,2024-02-21 13:25:00,NSE,1286.4,1283.3,1286.3,BLUSTA,88
252,252,1286.85,2024-02-21 13:26:00,NSE,1286.85,1284.5,1284.85,BLUSTA,26
253,253,1287.85,2024-02-21 13:27:00,NSE,1287.85,1286.85,1286.85,BLUSTA,163
254,254,1286.55,2024-02-21 13:28:00,NSE,1287.85,1285.15,1287.85,BLUSTA,31
255,255,1286.5,2024-02-21 13:29:00,NSE,1286.55,1285.25,1286.55,BLUSTA,23
256,256,1286.0,2024-02-21 13:30:00,NSE,1286.5,1286.0,1286.5,BLUSTA,4
257,257,1287.3,2024-02-21 13:31:00,NSE,1287.3,1286.0,1286.0,BLUSTA,24
258,258,1286.5,2024-02-21 13:32:00,NSE,1287.4,1286.5,1287.3,BLUSTA,21
259,259,1286.65,2024-02-21 13:33:00,NSE,1286.65,1286.5,1286.5,BLUSTA,29
260,260,1286.5,2024-02-21 13:34:00,NSE,1286.65,1286.5,1286.65,BLUSTA,10
261,261,1287.8,2024-02-21 13:35:00,NSE,1287.8,1286.5,1286.5,BLUSTA,28
262,262,1287.5,2024-02-21 13:36:00,NSE,1287.5,1287.5,1287.5,BLUSTA,19
263,263,1287.4,2024-02-21 13:37:00,NSE,1287.5,1286.05,1287.5,BLUSTA,133
264,264,1286.4,2024-02-21 13:38:00,NSE,1286.8,1285.0,1286.45,BLUSTA,44
265,265,1285.4,2024-02-21 13:39:00,NSE,1286.4,1285.3,1285.35,BLUSTA,18
266,266,1284.6,2024-02-21 13:40:00,NSE,1285.95,1284.6,1285.3,BLUSTA,29
267,267,1287.1,2024-02-21 13:41:00,NSE,1287.1,1284.6,1284.6,BLUSTA,31
268,268,1284.35,2024-02-21 13:42:00,NSE,1286.0,1283.3,1286.0,BLUSTA,175
269,269,1285.4,2024-02-21 13:43:00,NSE,1285.4,1284.35,1284.35,BLUSTA,5
270,270,1286.45,2024-02-21 13:44:00,NSE,1286.45,1285.2,1285.2,BLUSTA,67
271,271,1285.15,2024-02-21 13:45:00,NSE,1286.45,1284.5,1286.45,BLUSTA,71
272,272,1286.15,2024-02-21 13:46:00,NSE,1286.6,1285.05,1285.15,BLUSTA,91
273,273,1286.1,2024-02-21 13:47:00,NSE,1286.15,1286.1,1286.15,BLUSTA,2
274,274,1283.5,2024-02-21 13:48:00,NSE,1286.1,1283.3,1286.1,BLUSTA,223
275,275,1283.75,2024-02-21 13:49:00,NSE,1283.75,1282.5,1282.5,BLUSTA,231
276,276,1283.75,2024-02-21 13:50:00,NSE,1283.75,1282.25,1283.75,BLUSTA,38
277,277,1285.5,2024-02-21 13:51:00,NSE,1285.5,1283.75,1283.75,BLUSTA,47
278,278,1284.35,2024-02-21 13:52:00,NSE,1285.5,1283.1,1285.5,BLUSTA,228
279,279,1284.15,2024-02-21 13:53:00,NSE,1284.4,1282.45,1284.35,BLUSTA,285
280,280,1283.4,2024-02-21 13:54:00,NSE,1284.1,1282.15,1284.1,BLUSTA,147
281,281,1284.9,2024-02-21 13:55:00,NSE,1284.9,1283.4,1283.4,BLUSTA,65
282,282,1284.85,2024-02-21 13:56:00,NSE,1284.9,1283.8,1284.9,BLUSTA,21
283,283,1285.3,2024-02-21 13:57:00,NSE,1285.3,1284.85,1284.85,BLUSTA,31
284,284,1285.3,2024-02-21 13:58:00,NSE,1285.3,1285.3,1285.3,BLUSTA,14
285,285,1283.85,2024-02-21 13:59:00,NSE,1285.3,1283.85,1285.3,BLUSTA,43
286,286,1283.8,2024-02-21 14:00:00,NSE,1284.25,1282.75,1284.25,BLUSTA,45
287,287,1283.75,2024-02-21 14:01:00,NSE,1284.25,1283.75,1284.25,BLUSTA,21
288,288,1282.95,2024-02-21 14:02:00,NSE,1283.7,1281.5,1283.7,BLUSTA,155
289,289,1282.5,2024-02-21 14:03:00,NSE,1283.4,1282.5,1283.4,BLUSTA,217
290,290,1282.65,2024-02-21 14:04:00,NSE,1282.65,1281.95,1282.5,BLUSTA,178
291,291,1280.45,2024-02-21 14:05:00,NSE,1282.95,1280.45,1282.95,BLUSTA,76
292,292,1280.9,2024-02-21 14:06:00,NSE,1280.9,1279.5,1280.45,BLUSTA,1832
293,293,1278.55,2024-02-21 14:07:00,NSE,1280.1,1277.4,1280.05,BLUSTA,922
294,294,1275.05,2024-02-21 14:08:00,NSE,1278.55,1275.05,1278.55,BLUSTA,203
295,295,1278.15,2024-02-21 14:09:00,NSE,1278.15,1274.95,1275.05,BLUSTA,410
296,296,1278.4,2024-02-21 14:10:00,NSE,1279.2,1277.1,1279.2,BLUSTA,127
297,297,1277.5,2024-02-21 14:11:00,NSE,1278.55,1277.5,1278.4,BLUSTA,49
298,298,1277.4,2024-02-21 14:12:00,NSE,1278.75,1277.4,1278.65,BLUSTA,81
299,299,1278.45,2024-02-21 14:13:00,NSE,1278.45,1277.0,1277.4,BLUSTA,295
300,300,1279.85,2024-02-21 14:14:00,NSE,1279.85,1278.45,1278.45,BLUSTA,11
301,301,1280.6,2024-02-21 14:15:00,NSE,1280.6,1279.85,1279.85,BLUSTA,69
302,302,1280.9,2024-02-21 14:16:00,NSE,1281.0,1278.3,1280.6,BLUSTA,474
303,303,1274.45,2024-02-21 14:17:00,NSE,1281.25,1274.45,1280.9,BLUSTA,2748
304,304,1272.0,2024-02-21 14:18:00,NSE,1275.0,1271.95,1274.45,BLUSTA,1569
305,305,1273.8,2024-02-21 14:19:00,NSE,1273.85,1271.25,1271.3,BLUSTA,1529
306,306,1273.4,2024-02-21 14:20:00,NSE,1273.9,1272.45,1273.8,BLUSTA,36
307,307,1272.05,2024-02-21 14:21:00,NSE,1273.8,1272.05,1273.4,BLUSTA,28
308,308,1272.2,2024-02-21 14:22:00,NSE,1272.2,1272.05,1272.05,BLUSTA,272
309,309,1270.95,2024-02-21 14:23:00,NSE,1272.2,1270.0,1272.2,BLUSTA,473
310,310,1270.75,2024-02-21 14:24:00,NSE,1271.0,1270.0,1270.9,BLUSTA,126
311,311,1270.6,2024-02-21 14:25:00,NSE,1271.7,1270.6,1270.75,BLUSTA,97
312,312,1273.35,2024-02-21 14:26:00,NSE,1273.65,1271.25,1271.25,BLUSTA,293
313,313,1273.75,2024-02-21 14:27:00,NSE,1275.0,1273.35,1273.35,BLUSTA,86
314,314,1275.45,2024-02-21 14:28:00,NSE,1275.45,1273.75,1273.75,BLUSTA,63
315,315,1274.55,2024-02-21 14:29:00,NSE,1275.45,1274.15,1275.45,BLUSTA,105
316,316,1272.0,2024-02-21 14:30:00,NSE,1274.55,1272.0,1274.55,BLUSTA,72
317,317,1274.55,2024-02-21 14:31:00,NSE,1274.55,1271.0,1271.0,BLUSTA,222
318,318,1272.2,2024-02-21 14:32:00,NSE,1274.55,1271.0,1273.25,BLUSTA,475
319,319,1266.35,2024-02-21 14:33:00,NSE,1272.55,1265.9,1272.2,BLUSTA,2602
320,320,1265.95,2024-02-21 14:34:00,NSE,1268.8,1264.4,1266.6,BLUSTA,1053
321,321,1265.2,2024-02-21 14:35:00,NSE,1268.45,1265.2,1266.45,BLUSTA,559
322,322,1265.6,2024-02-21 14:36:00,NSE,1267.3,1265.2,1265.2,BLUSTA,197
323,323,1269.1,2024-02-21 14:37:00,NSE,1269.1,1265.6,1265.6,BLUSTA,363
324,324,1267.75,2024-02-21 14:38:00,NSE,1269.85,1267.35,1269.1,BLUSTA,142
325,325,1265.0,2024-02-21 14:39:00,NSE,1268.65,1265.0,1267.75,BLUSTA,284
326,326,1265.45,2024-02-21 14:40:00,NSE,1266.15,1263.15,1265.85,BLUSTA,341
327,327,1268.4,2024-02-21 14:41:00,NSE,1269.1,1265.45,1265.45,BLUSTA,123
328,328,1267.6,2024-02-21 14:42:00,NSE,1269.2,1267.05,1268.4,BLUSTA,203
329,329,1269.65,2024-02-21 14:43:00,NSE,1269.65,1267.35,1267.85,BLUSTA,74
330,330,1269.4,2024-02-21 14:44:00,NSE,1269.85,1269.4,1269.65,BLUSTA,54
331,331,1268.3,2024-02-21 14:45:00,NSE,1268.4,1268.1,1268.4,BLUSTA,76
332,332,1267.1,2024-02-21 14:46:00,NSE,1268.55,1267.1,1268.3,BLUSTA,59
333,333,1269.3,2024-02-21 14:47:00,NSE,1269.3,1267.55,1268.75,BLUSTA,58
334,334,1267.45,2024-02-21 14:48:00,NSE,1269.05,1267.3,1269.0,BLUSTA,110
335,335,1267.3,2024-02-21 14:49:00,NSE,1268.95,1267.3,1267.45,BLUSTA,44
336,336,1267.05,2024-02-21 14:50:00,NSE,1267.75,1267.05,1267.3,BLUSTA,112
337,337,1267.95,2024-02-21 14:51:00,NSE,1267.95,1267.0,1267.05,BLUSTA,17
338,338,1268.7,2024-02-21 14:52:00,NSE,1269.4,1267.95,1267.95,BLUSTA,143
339,339,1265.5,2024-02-21 14:53:00,NSE,1268.35,1265.5,1268.35,BLUSTA,282
340,340,1267.65,2024-02-21 14:54:00,NSE,1267.65,1263.6,1265.5,BLUSTA,518
341,341,1263.65,2024-02-21 14:55:00,NSE,1267.65,1263.2,1267.65,BLUSTA,383
342,342,1261.95,2024-02-21 14:56:00,NSE,1263.65,1261.95,1263.65,BLUSTA,770
343,343,1263.5,2024-02-21 14:57:00,NSE,1263.5,1262.15,1262.65,BLUSTA,327
344,344,1265.95,2024-02-21 14:58:00,NSE,1265.95,1261.95,1263.5,BLUSTA,1187
345,345,1267.25,2024-02-21 14:59:00,NSE,1268.9,1265.6,1265.95,BLUSTA,590
346,346,1269.9,2024-02-21 15:00:00,NSE,1269.9,1266.45,1268.95,BLUSTA,264
347,347,1268.85,2024-02-21 15:01:00,NSE,1270.0,1268.0,1270.0,BLUSTA,286
348,348,1269.25,2024-02-21 15:02:00,NSE,1271.0,1268.85,1268.85,BLUSTA,183
349,349,1269.65,2024-02-21 15:03:00,NSE,1270.05,1269.25,1269.25,BLUSTA,135
350,350,1270.0,2024-02-21 15:04:00,NSE,1271.55,1269.35,1269.65,BLUSTA,496
351,351,1271.6,2024-02-21 15:05:00,NSE,1272.6,1270.5,1271.05,BLUSTA,266
352,352,1270.15,2024-02-21 15:06:00,NSE,1272.65,1270.15,1271.6,BLUSTA,526
353,353,1270.1,2024-02-21 15:07:00,NSE,1271.35,1270.0,1271.25,BLUSTA,267
354,354,1272.0,2024-02-21 15:08:00,NSE,1272.0,1270.55,1270.85,BLUSTA,270
355,355,1272.4,2024-02-21 15:09:00,NSE,1273.25,1272.0,1272.0,BLUSTA,235
356,356,1270.7,2024-02-21 15:10:00,NSE,1272.05,1270.7,1272.05,BLUSTA,305
357,357,1271.05,2024-02-21 15:11:00,NSE,1271.4,1270.1,1270.1,BLUSTA,183
358,358,1270.15,2024-02-21 15:12:00,NSE,1271.45,1270.15,1271.15,BLUSTA,268
359,359,1271.3,2024-02-21 15:13:00,NSE,1271.35,1270.2,1270.95,BLUSTA,129
360,360,1271.8,2024-02-21 15:14:00,NSE,1271.8,1270.8,1271.3,BLUSTA,208
361,361,1271.8,2024-02-21 15:15:00,NSE,1272.0,1270.6,1271.55,BLUSTA,501
362,362,1272.3,2024-02-21 15:16:00,NSE,1272.3,1271.3,1271.8,BLUSTA,342
363,363,1274.1,2024-02-21 15:17:00,NSE,1274.1,1272.2,1272.3,BLUSTA,957
364,364,1271.65,2024-02-21 15:18:00,NSE,1274.85,1271.6,1274.05,BLUSTA,1698
365,365,1274.2,2024-02-21 15:19:00,NSE,1274.2,1271.55,1272.5,BLUSTA,187
366,366,1272.75,2024-02-21 15:20:00,NSE,1274.0,1272.05,1272.05,BLUSTA,677
367,367,1271.8,2024-02-21 15:21:00,NSE,1272.0,1270.55,1272.0,BLUSTA,254
368,368,1271.35,2024-02-21 15:22:00,NSE,1272.65,1270.45,1271.75,BLUSTA,450
369,369,1273.5,2024-02-21 15:23:00,NSE,1273.5,1271.2,1271.2,BLUSTA,821
370,370,1273.2,2024-02-21 15:24:00,NSE,1273.5,1273.2,1273.5,BLUSTA,165
371,371,1273.35,2024-02-21 15:25:00,NSE,1273.35,1271.9,1273.2,BLUSTA,227
372,372,1271.95,2024-02-21 15:26:00,NSE,1273.4,1270.95,1273.4,BLUSTA,230
373,373,1271.0,2024-02-21 15:27:00,NSE,1272.45,1271.0,1272.0,BLUSTA,143
374,374,1268.75,2024-02-21 15:28:00,NSE,1272.85,1268.75,1272.85,BLUSTA,807
375,375,1273.55,2024-02-21 15:29:00,NSE,1273.55,1265.0,1267.5,BLUSTA,427
